chr1 . 9149 G A 4 0 1 0 0 0 2 1 1 0 0 0 1 0 1 0 1 0 0 0
chr1 rs208929886 35740 T A 0 0 0 0 0 0 0 1 0 0 0 0 0 2 1 0 0 0 0 1
chr1 rs208268304 35742 C G 0 1 0 0 0 0 0 1 0 0 0 0 0 2 1 0 0 0 0 1
chr1 rs384017208 36011 G A 2 0 0 0 0 0 1 0 2 0 0 0 1 0 0 0 0 2 1 0
chr1 rs132895573 36337 G A 2 0 2 1 0 0 1 0 1 1 0 0 0 0 0 0 0 2 0 1
chr1 rs208669904 36440 A G 1 0 0 1 0 0 1 0 0 1 0 1 1 0 0 0 0 4 0 0
chr1 rs208396640 37222 G C 1 0 0 0 0 0 0 0 0 0 0 0 0 0 0 0 0 1 0 1
chr1 rs132757232 37410 C T 1 0 0 0 0 0 0 0 0 0 0 0 1 0 1 0 0 0 0 0
chr1 rs208026330 37689 T C 0 0 0 0 0 0 0 0 0 1 0 2 1 1 1 0 0 0 0 1
chr1 rs136142002 37888 A G 1 1 1 1 0 0 1 0 0 0 0 0 0 0 2 0 0 0 0 0
chr1 rs133115967 38055 G A 0 0 0 1 0 0 0 0 0 1 0 1 0 0 0 0 1 0 0 0
chr1 rs209055334 38070 A T 0 0 0 2 0 0 0 1 0 1 0 1 0 0 0 0 1 0 0 0
chr1 rs211628940 38266 A T 0 1 0 0 0 0 0 0 0 2 0 1 1 0 1 0 0 0 0 0
chr1 rs137329509 38305 C T 0 0 0 0 0 0 0 0 0 1 0 1 1 1 1 0 0 0 0 1
chr1 rs209209741 38308 C T 0 0 0 0 0 0 0 0 0 0 0 1 1 1 1 0 0 0 0 1
chr1 rs381663686 38336 A G 0 0 0 0 0 0 0 0 0 0 0 0 0 0 1 0 0 0 0 1
chr1 rs136952381 38387 T A 0 0 0 0 0 0 0 0 0 0 0 0 0 0 0 0 0 1 0 0
chr1 rs210476595 38493 T A 1 1 0 0 0 0 0 2 1 0 0 0 0 1 1 0 0 0 0 0
chr1 rs207843159 38553 A G 0 1 0 0 0 0 0 0 1 0 0 0 0 0 0 0 0 1 0 1
chr1 rs132839889 78655 G A 0 3 0 0 0 0 1 0 1 0 0 1 0 0 1 0 0 2 1 0
chr1 rs211271747 79628 C T 1 0 0 0 0 0 0 0 0 1 0 0 0 0 1 0 0 0 0 1
chr1 rs135388834 80795 A G 0 0 0 0 0 0 1 1 0 1 0 3 0 0 0 0 0 1 0 0
chr1 . 80913 T C 1 0 1 0 0 0 1 0 0 0 0 0 0 0 0 0 0 2 0 0
chr1 . 81010 A G 3 0 1 0 0 0 1 0 1 0 2 0 0 0 1 1 0 0 1 0
chr1 . 81838 G A 0 0 3 0 0 0 0 0 0 0 1 0 0 0 0 1 0 1 1 0
chr1 rs385597209 82106 G A 1 0 1 0 0 0 0 0 0 0 0 1 0 0 0 0 0 1 0 1
chr1 rs134816975 82370 T C 1 0 0 0 0 0 2 0 0 0 0 0 0 0 0 1 0 2 0 3
chr1 rs136082443 82590 G A 0 0 1 0 0 0 0 0 2 0 2 0 1 0 0 0 0 2 1 0
chr1 rs211506542 82636 A G 1 0 1 0 0 0 0 0 2 0 2 0 1 0 1 0 0 2 1 0
chr1 rs209909650 82716 G C 1 3 1 0 0 0 0 1 0 2 0 0 1 0 1 0 1 1 0 1
chr1 rs210463483 82767 G A 1 1 1 0 0 0 0 0 0 1 0 0 0 0 0 0 0 0 0 0
chr1 rs210578139 84084 T C 0 0 0 0 0 0 0 0 1 0 0 0 1 0 0 0 1 0 0 1
chr1 rs133338566 87315 C T 0 0 1 1 0 0 1 0 0 0 0 0 1 0 0 0 0 1 0 0
chr1 rs136081280 87704 A C 0 0 0 0 0 0 0 0 0 0 0 2 0 1 1 0 0 0 0 0
chr1 rs211408177 87796 A C 0 0 0 0 0 0 0 0 0 0 0 1 0 0 1 0 0 0 0 0
chr1 rs208800703 87829 T C 0 0 0 0 0 0 0 1 0 0 0 0 0 0 0 0 0 0 0 0
chr1 rs134485921 87856 A G 0 1 0 0 0 0 1 1 0 1 0 0 0 0 0 0 0 0 0 0
chr1 rs382402440 88112 C G 0 0 1 0 0 0 0 1 0 0 0 1 1 0 1 0 0 0 0 0
chr1 rs384723285 88130 T C 0 0 1 1 0 0 0 1 0 0 0 0 1 0 1 0 0 0 0 0
chr1 rs381027448 88216 C T 0 2 1 0 0 0 0 0 1 0 0 1 0 0 0 0 0 0 0 2
chr1 rs135696647 88580 T C 1 1 1 0 0 0 1 1 1 2 0 0 0 0 4 0 1 1 0 0
chr1 rs207701493 88592 G C 1 0 1 0 0 0 1 1 1 2 0 0 0 0 5 0 0 1 0 0
chr1 rs209233134 88601 A G 0 0 1 0 0 0 1 0 0 1 0 1 0 0 5 0 1 1 0 0
chr1 rs137165731 88743 A G 1 0 0 0 0 0 1 2 0 0 0 0 0 2 0 0 0 0 0 0
chr1 rs132898358 88981 A G 0 3 0 0 0 0 0 0 0 0 0 2 0 0 0 0 0 0 0 1
chr1 rs379605152 89059 G C 0 0 1 0 0 0 0 1 2 0 0 0 0 0 0 0 1 0 0 2
chr1 rs136589938 89101 C A 2 0 1 1 0 0 0 1 1 0 0 1 0 0 1 0 2 0 0 0
chr1 rs210076508 89443 A G 0 0 0 0 0 0 0 0 0 0 0 1 0 0 1 0 0 1 0 0
chr1 rs135713588 89514 T A 1 0 0 0 0 0 0 0 0 0 0 2 1 0 0 0 0 1 0 1
chr1 rs132948756 89523 T C 1 0 0 0 0 0 0 0 0 0 0 2 0 0 0 0 0 0 0 1
chr1 rs133922598 89819 T G 1 0 0 0 0 0 0 1 0 0 0 0 0 0 2 0 1 0 0 0
chr1 rs135528498 89821 G T 1 0 0 0 0 0 0 1 0 0 0 0 0 0 0 0 1 0 0 0
chr1 rs208882795 89844 A G 0 0 0 0 0 0 0 1 0 0 0 0 0 0 0 0 1 0 0 0
chr1 rs380475113 89912 T C 1 1 0 0 0 0 0 0 0 0 0 0 1 0 0 0 2 1 0 1
chr1 rs208839904 89962 C T 1 0 1 0 0 0 0 0 1 0 0 0 0 0 0 0 1 0 0 1
chr1 rs208326982 90020 T C 0 1 0 0 0 0 0 0 1 0 0 0 0 0 2 0 0 0 0 1
chr1 rs133280968 90101 A G 0 0 0 0 0 0 0 0 0 0 0 1 0 0 0 1 0 2 0 0
chr1 rs377805136 92716 T A 0 0 0 1 0 0 0 0 0 0 0 0 1 0 1 0 1 0 0 0
chr1 rs383596142 92779 C T 0 0 0 0 0 0 0 0 0 0 0 0 1 0 1 0 1 0 0 0
chr1 rs132714432 95651 C T 0 1 0 0 0 0 0 2 1 1 0 0 0 0 0 0 0 0 0 0
chr1 rs383083583 96741 C T 1 0 1 0 0 0 0 2 0 0 0 1 2 0 0 0 0 0 0 0
chr1 rs377799402 96773 C T 2 0 0 0 0 0 0 0 0 0 0 1 2 0 0 0 1 0 0 0
chr1 rs379867814 96809 G A 1 1 0 0 0 0 0 1 0 1 0 3 1 0 3 0 2 0 0 0
chr1 rs384238341 96872 G A 0 1 0 0 0 0 0 0 0 1 0 1 0 0 2 0 0 3 0 1
chr1 rs385315009 97974 G A 1 0 0 0 0 0 0 0 0 0 0 1 0 1 1 0 1 1 0 2
chr1 rs137422973 98626 A G 2 0 0 0 0 0 0 0 0 3 0 1 0 1 0 0 0 2 0 1
chr1 rs211369706 99083 G C 0 0 1 0 0 0 0 0 1 0 0 3 1 0 2 0 0 0 0 6
chr1 rs211120464 99173 C T 0 0 2 0 0 0 1 0 0 0 0 1 0 1 1 0 0 1 0 0
chr1 rs381787109 99368 C T 0 0 0 2 0 0 0 0 1 0 0 2 1 1 0 0 0 0 0 0
chr1 rs211346220 99797 C T 0 1 1 0 0 0 0 0 0 0 0 0 0 0 2 0 0 1 0 4
chr1 rs208358531 99990 C T 0 0 0 1 0 0 0 1 0 0 0 1 0 0 0 0 0 0 0 0
chr1 rs135911728 100260 T C 1 1 0 0 0 0 0 0 1 0 0 0 1 0 0 0 2 0 0 1
chr1 rs209829958 101383 T G 0 1 1 0 0 0 2 0 0 0 0 1 1 0 3 0 1 0 0 1
chr1 rs385517377 101532 T C 3 0 0 1 0 0 0 0 0 0 0 1 0 0 2 0 0 0 0 1
chr1 rs384263376 102942 G A 0 0 0 0 0 0 1 1 1 0 0 0 0 0 0 1 0 0 0 0
chr1 rs133861453 104073 C A 1 0 0 0 0 0 0 0 1 1 0 0 0 0 1 2 0 1 0 1
chr1 rs108990741 105436 C G 1 1 0 1 0 0 0 0 0 1 0 0 0 2 0 0 0 3 0 1
chr1 rs137714564 105810 C T 0 0 0 0 0 0 0 0 1 1 0 0 1 1 1 0 0 1 0 1
chr1 rs133105623 105963 T C 0 0 0 0 0 0 3 0 0 1 0 3 0 1 0 0 0 0 0 0
chr1 rs207899616 107297 G T 1 1 0 1 0 0 0 0 0 1 0 0 0 0 1 0 3 0 0 1
chr1 rs209134264 107305 A C 1 1 1 1 0 0 0 0 0 0 0 0 0 0 0 0 2 0 0 2
chr1 rs211551845 107333 C A 0 0 1 0 0 0 0 0 1 0 0 0 0 0 0 0 0 0 0 2
chr1 rs208274613 107351 C T 0 0 1 0 0 0 0 0 1 0 0 2 0 0 0 0 0 0 0 1
chr1 rs207487049 107655 A T 0 1 0 1 0 0 1 0 1 0 0 0 0 0 0 0 0 2 0 1
chr1 rs209470578 107982 G A 0 2 0 1 0 0 0 0 1 1 0 0 0 1 0 0 0 1 0 2
chr1 rs109729180 108219 T A 0 0 0 1 0 0 0 0 0 2 0 3 0 0 1 0 0 1 0 1
chr1 rs208707179 109463 T C 0 0 1 0 0 0 0 1 0 0 0 0 0 0 0 0 0 1 0 1
chr1 rs134400846 111645 A C 0 0 0 0 0 0 0 0 1 1 0 1 0 0 0 0 0 0 0 2
chr1 rs211266114 112929 A T 1 0 0 2 0 0 2 0 0 0 0 2 0 0 0 0 0 0 0 2
chr1 rs383586093 114134 A G 0 1 2 0 0 0 1 1 0 0 0 0 0 0 0 1 0 0 0 2
chr1 rs381297253 114603 C T 1 0 2 0 0 0 0 2 0 0 0 1 0 0 0 0 0 0 0 2
chr1 rs208339386 116526 T A 0 1 1 0 0 0 0 0 0 1 0 1 1 0 0 0 2 0 0 0
chr1 rs110808320 119827 T A 0 0 0 2 0 0 0 1 1 1 1 0 0 0 0 0 1 0 0 0
chr1 rs109768165 119834 C T 0 0 0 1 0 0 0 1 1 1 2 0 0 0 0 0 1 0 0 0
chr1 rs136210193 120183 T G 1 0 1 0 0 0 0 0 2 1 1 0 0 0 1 0 1 0 1 0
chr1 rs381778442 120582 G A 1 0 1 2 0 0 0 0 0 0 0 0 1 0 0 0 1 0 1 0
chr1 rs109537735 121198 G A 2 0 0 0 0 0 0 0 0 0 2 0 0 0 0 0 0 0 0 0
chr1 rs380737515 121493 T G 1 0 1 0 0 0 0 0 1 1 0 0 1 0 2 0 0 0 0 0
chr1 rs207899637 121634 A G 2 0 1 0 0 0 1 1 0 0 0 0 0 0 1 0 0 1 0 2
chr1 rs379607817 121981 C T 0 0 0 0 0 0 1 2 0 1 0 0 0 0 1 0 0 0 0 0
chr1 rs110037009 123725 G A 3 0 2 0 0 0 3 0 1 0 3 0 0 1 0 0 0 0 1 0
chr1 rs109308609 124021 G A 0 0 1 0 0 0 0 1 0 2 2 0 0 1 0 0 0 0 0 0
chr1 rs109912139 125284 G A 1 0 0 0 0 0 1 1 1 0 1 0 0 0 1 0 1 0 0 0
chr1 rs384240636 127840 C T 2 0 0 0 0 0 1 0 1 0 1 0 1 0 1 0 2 0 1 0
chr1 rs208128729 132255 A G 3 0 1 0 0 0 0 0 1 0 1 0 2 0 1 0 0 0 1 0
chr1 rs210173126 132294 C G 0 1 1 0 0 0 0 0 0 0 0 0 1 0 1 0 0 1 0 0
chr1 rs211498940 132491 T C 0 0 0 2 0 0 0 0 2 0 0 1 1 0 0 0 0 0 0 0
chr1 rs208618706 133064 A G 0 0 0 1 0 0 0 0 1 0 0 0 0 0 0 0 0 0 0 0
chr1 rs110215522 133298 T C 0 0 0 0 0 0 2 0 0 0 0 0 0 0 0 0 1 0 1 0
chr1 rs109265342 134504 C T 1 1 0 1 0 0 1 0 1 0 0 1 0 0 0 0 0 0 0 0
chr1 rs41609588 135098 A G 0 0 1 0 0 0 0 0 0 0 0 1 0 0 0 0 0 1 0 1
chr1 rs134041722 144638 G A 0 1 0 0 0 0 0 0 0 1 0 1 0 0 0 0 0 0 0 0
chr1 rs210179962 145432 C T 1 1 1 2 0 0 0 1 0 2 0 1 1 1 1 1 0 1 0 1
chr1 rs207566904 145454 C T 1 1 1 3 0 0 0 0 1 2 0 3 1 1 2 2 0 1 0 1
chr1 rs133323431 146011 G A 0 1 1 1 0 0 0 1 1 0 0 0 0 0 0 0 0 2 0 0
chr1 rs379446515 146514 C A 0 0 0 0 0 0 0 0 0 2 0 1 1 0 0 0 0 0 0 0
chr1 rs209100550 146679 G A 1 0 1 0 0 0 0 0 0 0 0 2 0 0 0 2 0 0 0 0
chr1 rs210559050 146736 C T 1 0 1 0 0 0 0 0 0 0 0 2 1 0 2 2 0 1 0 1
chr1 rs207994813 147600 G A 0 0 0 1 0 0 0 1 0 0 0 0 0 1 0 0 0 1 0 1
chr1 rs210078465 148179 T G 0 2 2 1 0 0 1 0 0 0 0 0 0 3 0 0 0 0 0 2
chr1 rs208639068 148367 T C 1 1 0 0 0 0 0 0 1 0 0 0 0 0 1 0 0 0 0 2
chr1 rs210162868 148390 G A 1 1 0 0 0 0 1 0 1 0 0 1 0 0 1 1 0 0 0 2
chr1 rs210839718 148418 G A 1 0 0 0 0 0 2 0 0 0 0 1 1 0 1 1 0 1 0 1
chr1 rs209045231 148435 C A 0 0 0 0 0 0 2 0 0 0 0 1 2 0 1 1 0 1 0 1
chr1 rs210446971 148592 C A 1 0 0 0 0 0 0 1 2 0 0 4 0 1 1 1 0 0 0 1
chr1 rs207488789 148771 T C 0 0 0 0 0 0 0 1 0 2 0 1 0 0 0 1 0 0 0 0
chr1 rs210383104 148921 G A 0 0 2 0 0 0 0 0 0 1 0 1 0 0 0 1 0 1 0 2
chr1 rs209394605 149067 T C 0 2 2 1 0 0 0 0 0 1 0 0 0 0 1 0 0 1 0 1
chr1 rs210532064 149374 T C 2 0 1 0 0 0 1 0 1 0 0 2 0 0 0 3 0 1 0 0
chr1 rs207620775 149423 G A 3 1 1 0 0 0 0 1 1 0 0 2 0 1 2 2 0 1 0 0
chr1 rs209239945 149514 T C 0 0 0 1 0 0 0 0 0 0 0 0 0 0 0 1 0 0 0 2
chr1 rs136207245 149772 C A 2 0 1 0 0 0 0 0 0 0 0 1 0 1 1 1 0 2 0 0
chr1 rs207965553 149877 C T 0 0 1 0 0 0 1 0 1 1 0 0 1 1 1 1 0 0 0 1
chr1 rs211239368 150057 G A 0 0 0 1 0 0 0 0 2 0 0 0 0 4 0 0 1 1 0 2
chr1 rs209835460 151221 C T 0 0 0 0 0 0 0 0 0 1 0 3 0 0 1 1 0 3 0 1
chr1 rs211385953 151230 C T 0 0 0 1 0 0 0 0 0 1 0 0 0 0 1 1 0 3 0 1
chr1 rs136463690 152345 A G 1 0 1 2 0 0 0 0 0 0 0 0 0 0 1 0 0 0 0 0
chr1 rs134457443 152374 C T 1 0 1 0 0 0 0 0 0 0 0 0 0 0 0 0 0 1 0 0
chr1 rs210420597 153447 G A 0 0 0 0 0 0 0 0 0 0 0 1 0 0 0 0 2 1 0 0
chr1 rs135912323 153929 C T 0 1 0 0 0 0 1 0 0 0 0 0 1 0 2 0 0 0 0 2
chr1 rs209195967 153953 G A 0 1 0 0 0 0 1 0 0 0 0 0 0 1 2 0 0 0 0 2
chr1 rs386049152 154123 G A 0 1 0 1 0 0 0 0 0 0 0 1 0 1 0 1 0 0 0 0
chr1 rs207832885 154495 G A 1 0 0 0 0 0 0 0 1 1 0 2 0 0 3 1 0 0 0 1
chr1 rs380358609 154543 T G 0 0 0 1 0 0 0 1 1 1 0 2 0 0 0 1 0 0 0 0
chr1 rs133846766 155938 G A 0 0 0 0 0 0 0 0 0 0 0 0 0 0 0 0 0 0 0 0
chr1 rs211122246 155994 T C 2 0 0 0 0 0 0 0 1 0 0 0 1 0 0 0 0 0 0 1
chr1 rs207911591 156197 A G 1 0 0 0 0 0 0 1 0 1 0 0 0 0 0 0 0 0 0 2
chr1 rs109611303 156224 G A 0 0 0 0 0 0 0 2 0 2 0 0 0 0 0 0 0 0 0 1
chr1 rs211252062 156253 A T 0 0 0 0 0 0 1 2 1 0 0 0 0 0 0 0 0 0 0 1
chr1 rs208214203 156502 T G 1 0 0 1 0 0 1 1 1 1 0 0 0 0 1 0 0 0 0 1
chr1 rs209677523 156750 G A 0 1 0 2 0 0 0 0 0 0 0 2 1 0 0 0 0 0 0 2
chr1 rs210692493 156811 C A 0 3 0 0 0 0 1 0 0 0 0 2 0 1 0 1 0 1 0 1
chr1 rs208353504 156858 T C 0 2 0 0 0 0 0 2 1 0 0 1 0 0 2 0 0 1 0 0
chr1 rs208325585 157003 A G 1 2 0 0 0 0 1 0 1 2 0 2 0 0 0 1 0 0 0 1
chr1 rs209866525 157075 A G 0 0 0 0 0 0 0 0 0 0 0 1 2 3 0 0 0 1 0 1
chr1 rs211295635 157126 A G 0 0 0 0 0 0 0 0 0 0 0 1 2 3 1 0 0 2 0 0
chr1 rs208800945 157189 G T 0 0 0 1 0 0 0 0 1 0 0 0 0 0 1 0 0 3 0 0
chr1 rs210956879 157220 G A 1 0 0 0 0 0 0 0 0 0 0 0 1 0 0 0 0 4 0 0
chr1 rs211087240 157231 T C 1 0 0 0 0 0 0 0 0 0 0 0 1 0 0 1 0 4 0 0
chr1 rs208344403 157275 A G 0 1 0 0 0 0 0 0 0 1 0 0 1 0 0 1 0 2 0 0
chr1 rs210308713 157292 T A 0 1 0 0 0 0 0 0 0 1 0 0 0 0 1 1 0 1 0 1
chr1 rs382178570 157332 T C 1 1 0 0 0 0 0 0 0 1 0 0 0 0 1 0 0 2 0 3
chr1 rs207636299 157428 A C 1 0 1 3 0 0 0 0 0 0 0 0 1 0 1 0 0 1 0 1
chr1 rs384365718 157584 A G 1 0 0 0 0 0 1 0 0 0 0 0 0 0 1 0 0 2 0 0
chr1 rs208593221 157671 T A 0 4 2 1 0 0 0 0 0 0 0 0 0 0 0 1 0 2 0 3
chr1 rs207701828 158544 A T 1 4 0 0 0 0 1 0 0 0 0 0 0 1 0 2 0 1 0 4
chr1 rs209039487 158635 T C 2 0 1 1 0 0 1 0 0 0 0 0 0 0 0 1 0 0 0 2
chr1 rs136567993 158820 T C 1 0 0 0 0 0 0 1 0 2 0 2 1 0 0 1 0 1 0 0
chr1 rs378186846 159169 G C 1 0 1 0 1 0 0 0 0 0 0 1 0 0 0 0 0 0 1 0
chr1 rs380371164 159183 G A 1 0 1 0 1 0 0 0 0 0 0 1 0 0 0 0 0 0 1 0
chr1 rs210323950 160245 T C 1 0 1 0 1 0 1 0 1 1 1 0 0 0 0 1 1 0 3 0
chr1 rs210682587 160272 G A 0 0 0 0 1 0 0 0 0 1 0 0 1 0 0 0 0 0 3 0
chr1 rs208341103 160409 G A 0 0 1 0 0 0 0 0 1 0 1 0 1 0 0 1 1 0 2 0
chr1 rs209620191 160437 A G 0 0 3 0 0 0 0 0 0 1 0 1 1 0 1 1 1 1 4 0
chr1 rs211549323 160456 A T 0 0 4 0 0 0 0 0 1 0 1 1 3 0 1 1 0 1 3 0
chr1 rs109378132 161204 A G 0 0 0 1 0 0 0 0 0 2 0 0 0 0 1 0 1 0 0 1
chr1 rs136218320 163437 C T 0 0 0 1 0 0 0 1 1 0 0 2 0 1 0 1 0 2 0 3
chr1 rs208558226 163652 C T 0 0 3 2 0 0 0 0 0 0 0 1 1 0 3 0 0 0 0 1
chr1 rs110061783 163995 G A 0 0 0 1 0 0 1 1 0 0 1 0 0 0 2 0 0 0 1 0
chr1 rs110281668 168869 T C 1 0 0 1 0 0 0 2 0 0 0 0 0 0 1 0 0 2 0 0
chr1 rs132871438 168997 T C 2 0 0 1 0 0 0 3 0 1 0 2 0 0 0 0 0 1 0 1
chr1 rs110076758 169084 C T 0 0 0 0 0 0 0 1 0 1 0 1 1 1 0 0 1 1 0 0
chr1 rs132703862 169153 G C 0 1 0 0 0 0 0 1 2 0 0 0 1 0 0 0 0 0 3 0
chr1 rs110136700 169597 G C 0 0 1 0 0 0 1 0 0 0 0 0 0 0 1 0 0 0 0 0
chr1 rs137417451 169793 C G 0 0 0 0 0 0 0 0 1 0 0 0 0 0 1 0 1 0 1 0
chr1 rs132901140 169821 C A 0 0 0 1 0 0 0 0 0 0 0 0 0 0 0 2 0 0 1 1
chr1 rs109026845 171149 C G 0 1 0 1 0 0 0 0 0 0 0 0 0 0 0 0 0 0 0 0
chr1 rs137146462 171487 G A 0 1 0 0 0 0 1 0 0 0 0 1 3 0 0 2 0 0 0 1
chr1 rs381547042 171725 T C 1 0 1 1 0 0 1 0 0 1 2 0 1 0 0 1 0 0 0 0
chr1 . 171810 A C 0 0 1 0 0 0 0 0 0 0 1 0 0 0 0 0 0 0 1 1
chr1 rs207516172 174324 T C 0 0 1 1 0 0 1 0 1 0 0 0 1 0 1 0 2 1 0 0
chr1 rs109697655 176298 A C 0 1 0 2 0 0 1 1 1 0 0 0 0 0 0 1 0 1 0 0
chr1 rs379721934 176831 C T 1 0 0 1 0 0 1 0 1 0 0 0 0 0 0 0 0 1 1 0
chr1 rs382744615 176891 A G 2 0 0 0 0 0 0 1 1 0 1 0 0 0 1 0 1 0 1 0
chr1 rs110257331 178100 G C 0 1 0 1 0 0 0 1 0 0 0 2 0 0 0 0 1 0 1 1
chr1 rs110862208 181180 G T 0 1 0 1 0 0 1 0 0 2 0 1 2 0 0 1 0 0 0 0
chr1 rs207798955 182193 T C 0 0 1 0 0 0 0 0 0 1 1 0 0 0 0 0 1 0 0 0
chr1 rs136852782 183040 C T 0 1 0 3 0 0 0 0 0 2 0 1 1 0 0 1 0 0 0 2
chr1 rs211550770 184046 A C 0 0 0 0 0 0 0 0 2 0 0 0 1 0 2 0 0 0 0 0
chr1 rs110402710 189139 T A 0 0 0 1 0 0 0 0 1 0 0 0 1 0 0 0 0 1 0 0
chr1 rs110269666 194962 C A 0 2 0 0 0 0 1 1 2 0 0 2 0 0 0 0 1 0 0 0
chr1 rs109355423 200278 A G 0 1 0 0 0 0 0 0 0 0 0 0 0 0 0 2 0 0 0 0
chr1 rs385570696 202360 C T 0 0 0 0 0 0 0 0 3 0 0 1 1 0 2 0 0 0 2 0
chr1 rs109017348 204667 A C 0 2 0 1 0 0 0 0 0 0 0 1 1 0 0 1 0 0 0 0
chr1 rs110964083 206240 C G 0 3 0 2 0 0 0 1 1 1 0 0 1 0 0 1 0 1 0 4
chr1 rs110746144 206350 G A 0 1 0 1 0 0 0 0 0 0 0 1 1 0 0 0 0 1 0 0
chr1 rs110975861 206377 G C 0 1 0 1 0 0 0 0 0 0 0 1 0 0 0 0 0 1 0 1
chr1 rs110526984 206470 C T 0 1 0 0 0 0 0 0 0 0 0 0 1 0 0 1 0 1 0 1
chr1 rs110980330 206809 T C 0 0 0 0 0 0 0 1 0 0 0 1 0 0 0 1 0 0 0 0
chr1 rs110080576 207098 T C 0 1 0 0 0 0 0 0 0 1 0 0 0 0 0 1 0 1 0 1
chr1 rs385752372 207429 C T 0 0 0 0 0 0 0 0 1 1 0 0 1 0 1 0 1 0 0 1
chr1 rs109953830 208015 G A 0 1 0 2 0 0 0 0 0 1 0 0 2 0 0 1 0 1 0 0
chr1 rs136886015 208064 C T 1 0 1 0 0 0 0 0 2 0 0 0 0 0 0 0 0 2 0 0
chr1 rs109988655 208728 G A 0 2 0 1 0 0 0 1 0 0 0 1 1 0 0 0 0 2 0 2
chr1 rs110675951 209132 T C 0 2 0 0 0 0 0 0 0 0 0 0 1 0 0 0 0 1 0 1
chr1 rs109173806 209335 A G 0 0 0 2 0 0 0 0 0 1 0 1 0 0 0 1 0 0 0 1
chr1 rs384634757 209579 T G 1 2 2 0 0 0 0 0 0 0 1 0 0 0 0 0 1 0 0 0
chr1 rs109007288 210108 A G 0 1 0 2 0 0 0 0 1 0 0 0 0 0 0 2 0 0 0 1
chr1 rs109970589 210290 T C 0 1 0 1 0 0 0 1 0 0 0 0 0 0 0 1 0 0 0 1
chr1 rs110076674 215381 T C 0 1 0 1 0 0 0 0 1 0 0 0 0 0 0 0 0 0 0 0
chr1 rs110536549 218271 T C 0 0 0 2 0 0 0 0 0 0 0 0 0 0 0 1 0 0 0 1
chr1 rs136465090 221011 A G 0 1 0 1 0 0 0 0 0 0 0 0 0 0 0 0 0 0 0 2
chr1 rs210757567 222694 A G 0 0 0 1 0 0 0 2 0 0 0 0 0 0 0 2 0 0 0 0
chr1 rs109129220 229172 G A 0 0 0 0 0 0 0 1 1 0 0 0 0 0 0 0 0 0 0 0
chr1 rs109762114 231685 G A 0 1 0 1 0 1 0 0 1 0 0 1 0 0 0 2 0 1 0 1
chr1 rs133635944 232468 T C 0 0 0 0 0 1 0 1 0 0 1 0 1 0 0 0 0 0 0 2
chr1 rs210570399 232695 T C 0 0 1 0 0 0 0 0 0 0 0 0 0 0 0 2 2 0 0 0
chr1 rs208987204 232696 G A 0 0 1 0 0 0 0 0 0 0 0 0 0 0 0 2 2 0 0 0
chr1 rs208992419 232702 G A 0 0 1 0 0 0 0 0 0 0 0 0 0 0 0 2 2 0 0 0
chr1 rs209380999 233336 A G 0 0 0 1 0 0 0 0 0 0 0 0 1 0 1 0 0 0 0 1
chr1 rs209906953 240452 C G 0 0 2 1 0 0 0 0 0 0 0 0 1 0 0 0 0 1 0 1
chr1 rs110935464 242182 C T 0 0 0 0 0 0 0 0 0 0 1 0 0 0 0 0 0 0 0 1
chr1 rs109412133 242821 T G 0 1 0 0 0 0 0 0 0 0 0 0 0 0 0 1 0 1 0 0
chr1 rs385946347 245601 C T 1 0 0 0 0 0 1 0 0 0 1 0 0 0 0 0 1 0 1 1
chr1 rs210610340 248413 G A 2 0 0 0 0 0 0 0 0 0 1 0 0 0 1 0 0 0 2 0
chr1 rs380763406 250819 G A 1 0 1 0 0 0 1 0 0 0 0 0 0 0 0 0 0 0 0 1
chr1 rs208825107 252907 G A 0 0 2 0 0 0 0 0 0 0 3 0 0 0 0 0 0 0 1 0
chr1 rs109650944 257734 G A 0 0 0 0 0 0 0 0 0 0 0 2 0 0 0 4 0 0 0 1
chr1 rs109761693 258866 G A 0 0 0 0 0 0 0 0 1 1 0 0 1 0 0 0 0 0 0 0
chr1 rs109647442 259993 G A 0 1 4 0 0 0 1 0 1 0 0 0 0 0 0 0 1 0 0 0
chr1 rs110170473 260275 T C 0 0 0 1 0 0 0 0 1 0 0 1 0 0 0 1 0 0 0 0
chr1 rs109115868 261288 C T 0 2 0 0 0 0 2 0 0 0 1 0 0 0 0 1 1 0 4 0
chr1 rs381833190 261371 T C 1 0 1 0 0 0 0 0 1 0 0 0 0 0 0 0 2 0 1 0
chr1 rs110849109 262077 G A 1 0 1 0 0 0 0 0 1 0 1 0 0 0 1 0 4 0 1 0
chr1 rs109626524 262988 T C 2 0 1 0 0 0 1 0 2 0 1 0 1 0 1 2 1 0 1 0
chr1 . 263559 T G 0 0 0 0 0 0 0 0 0 0 1 0 0 0 1 0 0 0 2 0
chr1 rs382162378 263701 C T 0 0 2 0 0 0 1 0 1 0 0 2 1 0 1 0 1 0 0 0
chr1 rs381277457 267120 G A 0 0 0 0 0 0 0 0 1 0 1 0 1 0 0 0 2 0 1 0
chr1 rs109360842 267620 G A 0 0 0 0 0 0 0 0 1 0 0 0 1 0 0 0 0 0 0 0
chr1 rs381246281 268124 G A 0 0 0 0 0 0 0 0 1 0 0 0 0 0 0 0 0 0 0 1
chr1 rs109013866 269075 A G 0 1 2 0 0 0 0 0 2 0 0 0 0 0 0 1 0 1 0 2
chr1 rs133867414 269909 A T 0 1 0 1 0 0 0 0 1 0 0 0 3 0 0 2 0 2 0 0
chr1 rs385615040 270139 C T 0 1 1 0 0 0 2 0 1 0 0 0 0 0 2 1 1 0 0 0
chr1 rs137508130 270173 G A 0 2 1 0 0 0 0 1 0 0 0 1 0 0 0 1 0 0 0 0
chr1 rs110514814 271339 C T 1 0 3 0 0 0 1 0 0 0 0 0 1 0 0 0 1 0 1 0
chr1 rs385216593 272698 G T 0 0 1 0 0 0 0 0 0 0 0 0 1 0 0 0 0 0 0 2
chr1 rs379777703 275805 A C 0 0 0 0 0 0 0 0 0 0 2 0 3 0 1 1 1 0 0 0
chr1 rs379317101 276094 T G 0 2 0 0 0 0 0 0 0 0 0 1 0 0 0 2 0 0 0 0
chr1 rs111027819 277691 T G 0 1 0 1 0 0 0 0 0 0 0 0 1 0 1 0 1 0 0 0
chr1 rs109933972 278086 T G 0 0 1 0 0 0 0 0 0 0 0 1 1 0 0 2 0 0 0 0
chr1 rs110125013 278554 C T 0 0 0 0 0 0 1 0 2 0 1 0 0 0 2 1 2 0 0 0
chr1 rs110415049 278624 A G 0 1 0 0 0 0 0 0 2 0 0 2 0 0 0 1 0 1 0 0
chr1 rs110470656 278952 A G 0 1 0 0 0 0 1 0 2 0 0 0 0 0 0 2 0 0 0 0
chr1 rs379598319 279373 G A 1 1 1 0 1 0 2 0 2 0 0 0 2 0 1 0 0 0 2 0
chr1 rs210026551 281389 G A 0 0 0 0 0 0 2 0 2 0 1 0 1 0 0 1 2 0 1 0
chr1 rs110530673 282391 G T 1 2 2 0 0 0 0 0 5 0 2 0 0 0 0 1 1 0 1 0
chr1 rs385482042 283369 C T 1 0 0 0 0 0 0 0 2 0 2 0 1 0 2 0 0 0 0 1
chr1 rs385872220 284622 A C 0 0 2 0 1 0 0 0 0 0 1 0 0 0 0 2 0 0 1 0
chr1 rs208837332 286346 C T 2 0 1 1 0 0 1 0 1 0 0 0 2 0 1 1 0 1 0 0
chr1 rs109014424 287094 T C 0 0 0 0 0 0 0 1 0 0 0 2 1 0 0 0 0 0 0 0
chr1 rs110323962 290136 T C 0 1 0 0 0 0 0 0 0 0 0 1 0 0 0 1 0 1 0 0
chr1 rs108994075 290690 G A 0 0 0 2 0 0 0 0 1 0 0 0 0 0 0 1 0 0 0 1
chr1 rs109575379 291802 A G 0 2 0 0 0 0 1 1 1 0 0 2 0 0 0 2 0 3 0 0
chr1 rs109688028 293574 T C 0 0 0 1 0 0 2 1 2 0 0 0 0 0 0 0 0 0 0 1
chr1 rs137731391 293732 A G 0 0 1 2 0 0 0 0 1 0 0 1 0 0 0 0 0 0 0 1
chr1 rs109845919 294671 C T 0 0 0 0 0 0 0 0 1 0 0 1 1 0 1 0 0 0 2 0
chr1 rs211550246 302865 A G 0 4 0 0 0 0 0 0 1 0 0 1 1 0 0 1 0 0 0 0
chr1 rs110115756 303536 G C 0 1 0 0 0 0 1 2 3 0 0 0 0 0 0 2 0 0 1 1
chr1 rs209424224 303791 C T 0 2 0 0 0 0 0 0 0 0 0 1 1 0 1 1 2 0 3 0
chr1 rs110464701 304231 T C 0 0 1 0 1 0 0 0 1 0 0 0 0 0 2 0 0 1 0 1
chr1 rs136823522 304296 A C 1 0 0 0 0 0 0 0 1 0 2 0 1 0 0 0 0 2 0 1
chr1 rs109879268 307211 A G 0 3 0 1 0 0 0 0 0 0 0 0 1 0 1 1 0 0 1 0
chr1 . 309131 C T 1 0 0 0 0 0 0 1 1 0 1 0 0 0 0 0 0 0 1 0
chr1 rs136155186 310309 A T 0 0 1 2 0 0 0 0 0 0 2 0 1 0 0 0 0 0 0 0
chr1 rs133835034 310394 C T 0 0 0 0 0 0 0 0 2 1 2 0 1 0 1 2 2 1 1 0
chr1 rs385258043 310402 T C 0 0 0 0 0 0 0 0 1 1 2 0 1 0 1 2 2 1 1 1
chr1 rs380500440 310407 G C 0 0 0 0 0 0 0 0 1 1 2 0 1 0 1 1 2 1 1 1
chr1 rs383653462 310435 A G 1 0 0 0 0 0 1 0 0 1 0 0 0 0 1 1 2 2 0 1
chr1 rs109582579 310795 T C 0 1 0 1 0 0 0 1 1 0 1 1 1 0 0 0 0 0 0 0
chr1 rs133573237 312183 C T 3 0 0 2 0 0 0 0 1 1 0 0 0 0 1 1 0 0 0 1
chr1 rs382420946 312739 C T 1 0 1 0 0 0 1 0 0 0 1 0 2 0 0 0 1 1 0 3
chr1 rs109776243 312755 C T 0 1 1 2 0 0 0 1 0 0 1 0 1 1 0 0 1 1 1 0
chr1 rs385623631 313245 C T 0 0 2 1 0 0 1 0 0 0 1 0 1 0 1 0 0 0 0 0
chr1 rs377856282 314503 G T 1 0 1 0 0 0 4 0 0 0 0 0 1 0 0 0 0 1 0 0
chr1 rs381089297 314628 G A 0 0 0 0 0 0 0 0 1 0 0 0 0 0 0 1 0 3 0 0
chr1 . 316238 A G 1 0 1 1 0 0 2 0 0 0 0 0 1 0 0 0 1 0 0 1
chr1 rs210443541 319372 C A 0 0 0 0 0 0 0 3 2 0 0 1 0 0 3 0 0 0 2 0
chr1 rs207482246 319398 A G 0 1 0 1 0 0 0 3 2 0 0 1 0 0 0 2 0 1 0 1
chr1 rs134368648 320951 T C 0 0 1 0 0 0 2 0 1 0 1 0 1 0 1 0 0 0 2 0
chr1 rs379602655 321408 G A 3 0 1 0 0 0 0 0 0 0 0 0 0 0 1 0 2 0 1 0
chr1 rs133088217 322093 G A 1 0 0 0 0 0 0 0 0 0 0 0 0 0 0 0 0 0 0 1
chr1 rs134606760 322205 G C 1 0 1 0 0 0 1 0 0 0 0 0 0 0 0 0 0 0 1 0
chr1 rs108965580 323668 T C 0 1 1 0 0 1 1 0 0 0 0 0 0 0 0 1 0 0 2 1
chr1 rs134456025 324196 C G 0 0 0 1 0 0 0 0 0 0 0 0 0 0 0 0 0 0 0 0
chr1 rs109608193 326466 A G 0 0 1 0 0 0 0 0 1 0 0 2 0 0 0 0 0 0 0 1
chr1 rs110086791 326894 T C 0 2 0 2 0 0 0 1 1 0 1 0 0 1 0 0 0 1 0 0
chr1 rs109684495 326955 T C 0 2 0 1 0 0 0 2 1 0 0 0 1 0 0 0 0 0 0 0
chr1 rs385438926 327279 A G 0 4 2 1 0 0 0 0 0 0 0 0 1 0 0 2 0 0 0 2
chr1 rs380229890 327645 T G 1 0 0 3 0 0 1 0 0 0 0 0 0 0 1 0 0 0 0 0
chr1 rs110764424 327959 G A 0 0 1 0 0 0 1 0 0 0 1 0 0 0 0 1 0 0 1 1
chr1 rs109544381 328409 A G 0 1 1 0 0 0 0 0 0 0 0 2 0 1 0 1 0 0 0 2
chr1 rs378064910 328628 T C 0 0 2 1 0 0 2 0 2 0 0 0 2 0 2 0 2 0 2 1
chr1 rs110660323 328970 C T 0 2 0 1 0 0 0 0 0 0 0 0 0 0 0 0 0 0 0 1
chr1 rs110540368 328982 A C 0 1 0 2 0 0 1 0 0 0 0 0 0 0 0 0 0 0 0 1
chr1 rs109213631 328984 A T 0 1 0 2 0 0 1 0 0 0 0 0 0 0 0 0 0 0 0 1
chr1 rs380523163 329448 G A 0 0 0 0 0 0 2 0 0 2 2 0 0 0 1 0 1 0 1 1
chr1 rs110948558 329645 T C 0 2 1 0 0 0 0 0 4 0 0 1 0 1 0 1 0 1 1 2
chr1 rs109193430 329866 G A 0 1 0 0 0 0 0 0 0 0 0 0 2 0 0 2 0 2 0 1
chr1 rs209235173 330543 A G 0 0 0 1 0 0 0 1 1 0 1 1 1 2 0 0 0 0 1 0
chr1 rs208225210 332002 C T 0 0 1 0 0 0 0 0 0 0 0 0 0 1 0 2 0 0 1 1
chr1 rs110606214 332385 C T 0 0 1 1 0 0 0 0 2 0 0 1 0 1 0 1 0 1 1 1
chr1 rs109731684 332471 A G 0 1 1 1 0 0 1 1 1 0 0 0 1 0 0 1 0 3 0 1
chr1 rs385578506 332608 G A 0 2 1 1 0 0 0 0 1 0 1 2 0 1 0 1 0 0 1 1
chr1 rs110492478 332667 C T 0 2 0 0 0 0 0 0 1 0 1 0 0 1 0 0 0 1 0 0
chr1 rs382259115 332898 T C 0 0 0 2 0 0 0 0 0 0 0 0 0 0 0 4 0 1 0 1
chr1 rs209660341 333256 T C 0 0 0 0 0 0 0 0 2 0 0 0 0 1 0 2 0 2 2 0
chr1 rs211255725 333885 T C 0 1 0 2 0 0 0 0 2 0 1 1 0 0 0 1 0 2 0 0
chr1 rs380936686 334280 C A 0 1 0 1 0 0 0 0 1 0 0 1 0 0 0 1 0 4 0 0
chr1 rs383442114 334317 A G 2 0 0 0 0 0 0 0 1 0 2 0 0 0 0 0 4 0 1 0
chr1 rs379612687 335030 C T 0 0 2 0 0 0 1 0 1 0 0 0 0 0 0 0 1 0 0 0
chr1 rs383975863 336946 G A 0 0 1 1 0 0 0 0 0 0 0 0 0 0 2 0 0 0 0 0
chr1 rs380771039 340974 T C 0 0 2 0 0 0 0 1 3 0 0 0 0 0 0 0 0 0 1 0
chr1 rs378357167 341003 C T 0 0 1 0 0 0 1 1 3 0 0 0 0 0 0 0 0 0 0 0
chr1 rs109383373 341770 G A 0 0 0 2 0 0 0 2 1 0 0 0 0 0 0 1 0 1 1 0
chr1 rs382035472 341895 G A 1 0 0 0 0 0 0 0 0 1 1 0 0 0 2 0 0 0 0 0
chr1 rs110544421 342923 T C 0 1 0 1 0 0 0 0 0 0 0 2 0 0 0 2 0 1 1 0
chr1 rs135716341 344975 G T 0 0 1 0 0 0 0 0 0 0 0 0 0 0 0 0 0 2 1 0
chr1 rs41567300 347418 T C 0 1 1 0 0 0 0 0 1 0 0 1 1 1 0 1 0 1 0 1
chr1 rs41567302 347791 A G 0 0 0 1 0 0 0 4 0 0 0 0 0 0 0 1 0 1 1 0
chr1 rs110197525 348065 A T 0 2 0 0 0 0 0 1 1 0 0 0 1 0 0 1 0 1 0 0
chr1 rs109168876 348229 C T 0 1 0 1 0 0 0 0 2 0 0 1 0 0 0 2 0 0 0 0
chr1 rs110176067 348331 C A 0 3 0 1 0 0 0 1 1 0 0 1 0 0 0 0 0 0 0 0
chr1 rs109116468 348472 G A 0 2 0 0 0 0 0 1 1 0 0 2 0 0 0 0 0 3 0 0
chr1 rs110285833 348486 T G 0 2 0 0 0 0 0 1 1 0 0 2 0 0 0 0 0 1 0 0
chr1 rs135523254 348488 T G 0 2 0 0 0 0 0 1 1 0 0 2 0 0 0 0 0 1 0 0
chr1 rs110477141 348795 A G 0 1 1 0 0 0 0 0 0 0 0 0 0 0 0 1 0 0 0 0
chr1 rs110801648 349187 T G 0 0 1 2 0 0 0 0 0 0 0 0 0 0 0 1 0 2 1 1
chr1 rs110145376 349873 G A 0 0 1 0 0 0 0 0 0 0 0 1 0 0 0 2 0 1 3 0
chr1 rs110645438 350021 A G 0 0 0 0 0 0 0 1 1 0 0 0 0 1 0 1 0 0 0 0
chr1 rs109354940 350101 A G 0 2 0 0 0 0 0 3 0 0 0 1 0 1 0 1 0 1 1 1
chr1 rs41567297 351236 T C 0 1 0 0 0 0 0 0 0 0 0 0 0 0 0 0 0 0 0 0
chr1 rs109566607 351516 T G 0 0 0 1 0 0 0 0 1 0 0 0 0 0 0 0 0 1 0 0
chr1 rs208494497 351617 G A 0 0 0 0 0 0 0 0 1 0 0 0 1 0 0 0 0 0 0 0
chr1 rs110323166 353349 A G 0 0 0 0 0 0 0 0 2 0 0 0 1 0 0 0 0 1 0 0
chr1 rs109280029 353369 C T 0 0 0 0 0 0 0 0 1 0 0 0 2 0 0 0 0 1 0 0
chr1 rs109698773 353608 G A 0 1 0 0 0 0 0 0 1 0 0 0 0 0 0 0 0 0 0 0
chr1 rs110596507 354622 G A 0 1 0 0 0 0 0 0 0 0 0 0 0 0 0 4 0 0 0 0
chr1 rs109273937 354759 A G 0 1 0 2 0 0 0 1 0 0 0 0 0 1 0 3 0 0 0 0
chr1 rs110979803 355021 C A 0 0 0 1 0 0 0 0 0 0 0 1 0 1 0 0 0 1 0 0
chr1 rs109294762 355335 A G 0 1 2 1 0 0 0 0 1 0 0 1 2 0 0 0 0 1 1 0
chr1 rs133853396 355423 A G 0 0 0 0 0 0 0 1 0 0 0 2 0 0 0 1 0 2 0 0
chr1 rs377900986 355460 C T 0 0 0 0 0 0 1 0 0 0 0 0 0 0 0 1 0 2 1 0
chr1 rs110497133 355669 G A 0 1 0 0 0 0 0 0 0 0 0 0 0 0 0 1 0 0 0 0
chr1 rs108949149 355704 C G 0 1 0 0 0 0 0 0 1 0 0 1 0 0 0 2 0 0 0 0
chr1 rs110753723 355769 G A 0 0 0 0 0 0 0 0 2 0 0 0 0 1 0 1 0 0 0 0
chr1 rs109058985 355772 T C 0 0 0 0 0 0 0 0 1 0 0 0 0 1 0 1 0 0 0 0
chr1 rs109218615 355805 A G 0 0 0 0 0 0 0 0 0 0 0 0 1 3 0 0 0 0 0 1
chr1 rs109865495 356107 G C 0 0 0 0 0 0 0 0 0 0 0 1 0 1 0 0 0 2 0 0
chr1 rs134151416 356175 G T 0 0 1 0 0 0 0 0 0 0 0 1 0 0 0 1 0 0 1 2
chr1 rs110097633 356218 G A 0 0 0 0 0 0 0 0 1 0 0 0 1 0 0 2 0 1 0 0
chr1 rs134541069 356537 T A 0 0 1 1 0 0 0 0 3 0 0 0 0 0 0 0 0 1 0 1
chr1 rs207928297 356927 C T 0 1 1 1 0 0 0 0 0 0 0 0 0 0 0 1 0 0 0 0
chr1 rs109764834 357302 T C 0 1 0 0 0 0 0 0 1 0 0 0 0 0 0 2 0 0 0 0
chr1 rs110328374 358919 A G 0 1 0 2 0 0 0 1 0 0 0 1 0 0 0 1 0 0 0 0
chr1 rs135017390 359252 C T 0 0 1 0 0 0 0 0 1 0 0 1 0 0 0 2 0 2 0 2
chr1 rs109658851 359813 C G 0 1 1 1 0 0 0 1 0 0 1 0 0 0 0 0 0 2 1 2
chr1 . 360776 C T 1 0 0 0 0 0 0 0 1 0 1 0 1 0 0 0 1 0 0 0
chr1 rs110943703 362318 T C 0 3 0 0 0 0 0 0 2 0 0 1 0 1 0 1 0 0 1 0
chr1 rs109816298 362525 C T 0 1 1 1 0 0 0 1 1 0 0 0 1 0 0 2 0 1 1 1
chr1 rs135183450 363264 A G 0 0 0 0 0 0 0 0 0 0 1 0 2 0 1 0 0 0 0 0
chr1 rs382612059 363633 A T 0 2 0 1 0 0 0 0 1 0 0 0 1 1 0 1 0 2 0 0
chr1 rs378877991 363970 C T 0 0 0 0 0 0 1 0 0 0 0 0 0 0 1 0 0 0 0 0
chr1 . 364788 G C 0 0 1 0 0 0 0 0 0 0 0 0 1 0 0 0 1 0 1 0
chr1 rs133670914 365197 T C 0 2 0 3 0 0 0 1 1 0 0 0 0 0 0 0 0 0 0 1
chr1 rs110846924 365876 T A 0 3 2 0 0 0 0 0 0 0 0 1 0 0 0 1 0 1 0 0
chr1 rs378964425 366946 T A 0 1 1 0 0 0 1 0 1 0 0 1 0 0 0 2 0 0 1 0
chr1 rs109079975 368910 C T 0 3 1 0 0 0 0 0 1 0 0 1 1 1 0 2 0 0 1 0
chr1 rs382712801 369504 A G 0 0 1 0 0 0 1 0 1 0 0 1 1 0 0 0 1 0 0 0
chr1 rs210703114 370075 A G 0 2 3 0 0 0 0 0 2 0 1 0 0 0 0 0 0 0 2 0
chr1 rs210034389 370861 C T 2 0 1 0 0 0 0 0 0 0 0 0 0 1 0 0 1 0 1 0
chr1 rs208011607 370879 C T 2 0 1 0 0 0 0 0 0 0 0 0 0 1 0 2 1 0 1 0
chr1 rs209402845 370896 G A 1 0 0 0 0 0 0 0 0 0 0 0 0 2 0 3 1 0 1 0
chr1 . 371578 G A 2 0 0 2 1 0 1 0 0 0 0 0 2 0 1 0 0 0 0 1
chr1 rs378237116 371602 G A 1 0 3 0 1 0 1 0 1 0 1 0 1 0 0 2 1 0 1 0
chr1 rs210026806 371781 G A 0 0 0 0 0 0 0 0 2 0 0 0 0 0 3 1 0 0 0 0
chr1 rs378797946 372672 A G 0 0 2 0 0 0 0 1 0 0 1 0 0 0 1 0 0 0 1 0
chr1 rs207629846 372972 G A 0 1 0 0 0 0 0 1 2 0 1 0 0 0 0 0 0 0 0 0
chr1 rs209024058 373164 G T 1 0 1 0 0 0 0 0 0 0 1 0 1 0 1 0 3 0 0 0
chr1 rs109476431 373536 G T 0 1 0 2 0 0 0 0 0 0 0 1 1 0 1 1 0 0 0 3
chr1 rs385511680 373920 C G 0 1 1 0 0 0 0 0 1 0 2 0 1 0 0 2 4 0 2 0
chr1 rs383574430 374024 C T 1 0 0 0 0 0 0 0 1 0 0 0 1 1 0 0 1 0 0 0
chr1 rs386014476 374167 G A 0 0 1 0 0 0 1 1 0 0 0 0 1 0 0 1 0 0 0 0
chr1 rs209242329 375731 T C 0 0 1 0 0 0 1 0 0 0 1 0 0 2 0 0 2 0 0 0
chr1 rs380797551 375910 C T 0 0 1 0 0 0 0 0 1 0 0 0 1 1 1 1 2 0 0 0
chr1 rs209449862 376163 G A 0 2 0 0 0 0 0 0 0 0 1 0 0 0 0 0 2 0 1 0
chr1 rs210455037 376500 G A 1 0 2 0 0 0 1 0 0 0 0 0 0 1 0 0 1 0 1 0
chr1 rs208549298 376680 C T 0 0 2 0 0 0 0 1 1 0 0 0 0 0 2 0 1 0 1 0
chr1 rs379056078 376810 C G 0 0 0 0 0 0 0 0 0 0 0 0 0 0 0 2 2 0 0 0
chr1 rs133892128 376967 T G 3 0 0 0 0 0 0 0 0 0 2 0 0 0 1 1 0 0 0 0
chr1 rs381112877 376982 G A 3 0 0 0 0 0 0 0 0 0 0 1 0 0 2 0 0 0 1 0
chr1 rs133558466 377273 T C 0 0 0 0 0 0 0 0 1 0 0 0 0 1 0 0 1 0 1 0
chr1 rs137230293 377310 G A 0 1 0 0 0 0 0 0 1 0 0 0 1 0 0 0 1 0 0 0
chr1 rs136977297 377769 T C 0 0 0 0 0 0 0 0 0 0 2 0 0 0 0 1 2 0 1 0
chr1 rs211635848 377941 A G 0 1 2 0 0 0 0 1 2 0 0 0 0 0 0 0 1 0 2 0
chr1 rs208990725 378101 G A 0 1 0 0 0 0 0 1 1 0 0 0 0 0 0 1 1 0 0 0
chr1 rs384429237 378713 G A 0 1 1 0 0 0 1 1 0 0 0 0 0 0 1 1 2 0 1 0
chr1 rs378515944 378721 A G 0 2 2 0 0 0 1 1 0 0 0 0 0 0 2 1 2 0 1 0
chr1 rs381748526 378780 A G 0 1 2 0 0 0 0 1 1 0 0 0 1 0 2 0 2 0 1 0
chr1 rs384901368 378781 G T 0 1 2 0 0 0 0 1 1 0 0 0 1 0 2 0 2 0 1 0
chr1 rs383154257 379199 G C 0 1 1 0 0 0 0 0 1 0 0 0 0 0 1 0 1 0 0 0
chr1 rs385094043 379815 G A 1 0 0 0 0 0 1 0 1 0 1 0 1 0 0 0 1 0 0 0
chr1 rs137392362 379960 A C 1 0 0 0 0 0 0 1 0 0 1 0 0 1 2 0 1 0 0 0
chr1 rs132814999 379988 C T 0 0 0 0 0 0 0 0 1 0 2 0 0 1 2 0 1 0 1 0
chr1 rs136318237 380218 T C 0 0 0 0 0 0 1 0 0 0 1 0 0 0 0 0 0 0 0 0
chr1 rs133617608 380271 G A 0 0 0 0 0 0 0 0 2 0 0 0 0 0 1 0 0 0 1 0
chr1 rs136684475 383451 T C 0 0 0 0 0 0 0 0 0 0 0 0 0 0 0 2 0 0 0 0
chr1 rs385866621 383457 C T 0 0 1 0 0 0 0 0 0 0 0 0 1 0 3 0 0 0 0 0
chr1 rs135083192 383757 A G 0 1 1 0 0 0 0 0 0 0 0 0 0 0 1 0 0 0 4 0
chr1 rs382638245 385325 C T 1 0 0 1 0 0 1 0 0 0 2 0 0 0 2 0 1 0 0 1
chr1 rs134550672 385508 A T 2 0 1 0 0 0 1 0 2 0 0 0 0 0 1 0 2 0 3 1
chr1 rs135487237 385683 G T 2 0 0 0 0 0 1 0 0 0 0 0 0 0 1 0 1 0 0 0
chr1 rs383335670 386091 C T 0 0 1 0 0 0 0 0 1 0 1 0 1 0 2 0 0 0 0 0
chr1 rs109110694 387349 C G 0 0 0 2 0 0 0 0 0 1 1 0 0 3 0 1 0 1 0 0
chr1 rs110761671 387380 T C 0 0 0 1 0 0 0 0 0 0 1 0 0 3 0 0 0 0 0 0
chr1 rs109168689 387477 A G 0 1 0 0 0 0 0 0 0 1 0 1 0 0 0 0 0 2 0 1
chr1 rs133759767 388169 G T 1 0 0 2 0 0 0 0 0 0 0 0 1 0 0 0 3 0 1 0
chr1 rs208694217 388430 G A 0 0 1 0 0 0 1 0 0 0 0 0 0 2 0 0 1 0 0 0
chr1 rs137462940 388491 G C 0 0 0 2 0 0 0 0 0 0 0 2 1 0 0 0 0 3 0 1
chr1 rs211626485 389017 T C 0 2 0 0 0 0 0 0 1 0 1 0 0 0 0 0 0 1 0 0
chr1 . 389250 T C 0 0 0 0 0 0 1 0 0 0 0 0 1 0 2 0 0 0 0 0
chr1 rs108954933 389757 C T 0 2 0 0 0 0 0 1 0 0 0 0 0 0 0 0 0 0 0 0
chr1 rs386118094 390093 T C 1 2 0 0 0 0 0 0 0 0 4 0 0 0 2 1 1 0 1 0
chr1 rs209111859 390108 A G 1 1 0 0 0 0 0 0 1 0 2 2 0 0 3 0 1 0 0 0
chr1 rs383992561 390118 A T 1 0 0 0 0 0 0 0 1 0 2 1 0 0 3 0 1 0 0 0
chr1 rs133623923 390195 G A 0 0 0 0 0 0 0 0 0 0 0 0 1 0 0 1 0 1 0 0
chr1 rs133438313 390292 A G 0 1 0 0 0 0 0 0 0 0 0 2 2 0 1 2 0 3 0 1
chr1 rs109103749 390395 C A 0 1 0 1 0 0 0 1 0 0 0 0 0 0 1 0 0 2 0 2
chr1 rs134312161 390434 C T 0 1 0 1 0 0 0 0 0 0 0 0 0 0 0 0 0 1 0 3
chr1 rs109059523 390641 G C 0 1 0 1 0 0 0 1 0 1 0 1 0 0 0 0 0 1 0 1
chr1 rs135940614 390669 A T 0 1 0 2 0 0 0 0 0 1 0 1 1 0 0 0 0 0 0 0
chr1 rs134010107 390678 A G 0 1 0 2 0 0 0 0 0 2 0 1 1 0 0 0 0 0 0 0
chr1 rs134500384 390709 G T 0 1 0 3 0 0 0 0 0 2 0 1 1 0 0 0 0 2 0 1
chr1 rs110366436 390947 G A 2 0 0 2 0 0 0 0 0 0 0 2 0 0 0 2 0 1 0 0
chr1 rs110974153 390949 G A 3 0 0 2 0 0 0 0 0 0 0 2 0 0 0 1 0 1 0 0
chr1 rs110967040 391072 T C 1 1 0 2 0 0 0 0 0 3 0 0 0 0 0 0 0 2 0 2
chr1 rs109770717 391131 C T 3 0 0 1 0 0 0 0 0 2 0 0 0 0 2 1 0 2 0 4
chr1 rs110397411 391175 T C 1 1 0 1 0 0 0 0 0 1 0 0 1 0 3 1 0 0 0 1
chr1 rs109821123 391234 T C 0 3 0 1 0 0 0 0 0 0 0 1 0 0 0 0 0 3 0 0
chr1 rs110228661 391247 T C 0 2 0 1 0 0 0 0 0 1 0 1 0 0 0 1 0 4 0 0
chr1 rs109724705 391249 A G 0 2 0 1 0 0 0 0 0 1 0 1 0 0 0 1 0 4 0 0
chr1 rs109397704 392110 G A 0 0 0 0 0 0 0 0 0 2 0 1 0 1 0 0 0 2 0 1
chr1 rs109180071 392164 C A 0 1 0 0 0 0 0 0 0 1 0 2 0 0 0 0 0 1 0 1
chr1 rs110007886 392232 C T 0 0 0 1 0 0 0 0 0 1 0 0 0 0 0 0 0 2 0 3
chr1 rs135694038 392346 C G 0 0 0 1 0 0 0 0 0 1 0 1 0 0 1 1 0 1 0 1
chr1 rs209393409 392520 T C 0 0 0 0 0 0 1 0 0 0 2 0 0 0 0 2 1 0 1 0
chr1 rs110830434 394144 A C 0 0 0 0 0 0 0 0 0 0 0 0 0 0 1 0 0 2 0 2
chr1 rs110239689 394529 G A 0 1 0 4 0 0 0 0 0 0 0 1 0 1 0 0 0 3 0 1
chr1 rs110114524 394756 C T 0 0 0 0 0 0 0 3 0 1 0 0 0 0 0 0 0 0 0 1
chr1 rs208840838 395375 G T 1 2 2 0 0 0 0 0 1 0 0 0 0 0 1 0 2 0 1 0
chr1 rs211578165 395678 G A 1 0 1 0 0 0 0 0 0 0 2 0 0 0 0 3 0 0 1 0
chr1 rs134412566 395691 T C 1 0 1 0 1 0 1 0 0 0 2 0 0 0 0 2 0 0 2 0
chr1 rs385880844 395814 T C 0 0 0 0 0 0 0 0 1 0 0 1 0 0 0 0 0 0 0 1
chr1 . 395847 G A 0 0 0 0 0 0 1 0 1 0 0 0 1 0 1 0 2 0 0 1
chr1 rs210172162 396896 G A 0 1 0 0 0 0 1 0 1 0 2 0 2 0 0 0 1 0 2 0
chr1 rs137383225 397068 G C 0 1 0 0 0 0 0 1 0 0 0 3 1 0 0 0 0 0 0 0
chr1 rs208184895 398285 G A 0 1 1 0 0 0 0 0 1 0 1 0 0 0 0 2 0 0 0 0
chr1 rs210216568 398308 C G 0 1 1 0 0 0 0 0 0 0 1 0 0 0 0 2 0 0 0 0
chr1 rs385662290 399255 C T 0 0 1 0 0 0 1 0 1 1 2 0 0 0 2 0 2 0 1 3
chr1 rs208682718 399756 G A 2 0 2 0 0 0 3 0 0 0 1 0 1 0 0 2 1 0 1 0
chr1 rs209516723 399850 C T 0 2 0 0 0 0 0 0 0 0 0 0 1 0 0 0 2 0 1 0
chr1 rs382087239 400013 G A 0 0 0 0 0 0 0 0 2 0 1 0 0 0 0 3 1 0 0 0
chr1 rs210712666 400112 G A 1 0 0 0 0 0 2 0 2 0 0 0 0 0 1 0 0 0 0 0
chr1 rs109171532 400388 T G 1 0 0 0 0 0 0 0 1 0 0 4 0 0 1 2 0 1 2 2
chr1 rs211403302 400945 C A 0 0 0 0 0 0 0 0 0 0 0 0 0 1 0 1 1 0 3 0
chr1 . 401458 C G 1 0 0 0 0 0 0 0 0 0 1 0 0 0 1 0 0 0 0 0
chr1 rs109959164 402410 G A 0 0 0 2 0 0 0 0 1 0 0 0 0 0 0 0 0 0 0 0
chr1 rs209766295 402807 A C 0 1 0 1 0 0 0 0 0 1 0 2 2 0 0 0 0 0 0 1
chr1 rs211694185 402808 A C 0 1 0 1 0 0 0 0 0 1 0 2 2 0 0 0 0 0 0 1
chr1 rs41728422 402877 G A 0 0 0 0 0 0 0 0 2 0 0 1 0 0 0 0 0 4 0 0
chr1 rs136771789 402904 A C 0 1 0 0 0 0 0 0 1 0 0 0 0 0 0 0 0 2 0 0
chr1 rs109931897 402968 G T 0 0 0 1 0 0 0 0 0 0 0 1 1 0 0 0 0 1 0 1
chr1 rs109826525 402997 C T 0 1 0 2 0 0 0 0 0 0 0 1 1 0 0 0 0 2 0 0
chr1 rs110251003 403134 T C 0 0 0 1 0 0 0 1 1 0 0 3 2 0 0 1 0 1 0 0
chr1 rs110013911 403170 C T 0 2 0 1 0 0 0 1 1 0 0 2 0 0 0 1 0 2 0 0
chr1 rs110926318 403216 C T 0 2 0 0 0 0 0 0 1 1 0 1 1 0 0 1 0 0 0 0
chr1 rs210892337 403288 C T 0 0 0 0 0 0 0 0 0 0 1 0 1 0 0 0 1 0 0 3
chr1 rs109662784 403393 T C 0 0 0 1 0 0 0 0 0 2 0 1 1 0 0 3 0 2 0 2
chr1 rs110293127 403697 C T 0 1 0 1 0 0 0 0 0 0 0 4 1 0 0 0 0 2 0 0
chr1 rs109113494 403875 C A 0 1 0 0 0 0 0 0 0 0 0 1 0 0 0 1 0 0 0 0
chr1 rs109065516 404104 C T 0 1 0 1 0 0 0 0 0 0 0 0 0 0 0 2 0 1 0 2
chr1 rs136297833 404990 C A 0 0 0 2 0 0 0 2 1 0 0 0 0 0 0 0 0 0 0 0
chr1 rs380453993 405052 G A 0 0 0 2 0 0 0 0 0 0 0 0 0 0 1 0 1 0 1 0
chr1 rs109555269 405390 G C 0 0 0 0 0 0 1 0 2 1 0 0 0 0 0 3 0 0 0 0
chr1 rs110184807 405825 T C 0 1 0 0 0 0 2 0 1 0 0 0 0 0 0 0 0 0 0 2
chr1 rs109184194 405826 G T 0 1 0 0 0 0 2 1 1 0 0 0 0 0 0 0 0 0 0 2
chr1 rs134495248 406356 G A 0 2 0 0 0 0 0 0 0 1 0 0 2 0 0 1 0 0 0 4
chr1 rs110370610 406636 G A 0 0 0 0 0 0 0 1 0 0 0 2 0 0 0 1 0 1 0 0
chr1 rs109445513 406731 G A 0 0 0 0 0 0 0 1 2 1 0 2 0 0 0 1 0 0 0 3
chr1 rs135205265 406866 T C 0 0 0 0 0 0 1 0 0 2 1 0 0 0 0 2 1 0 0 1
chr1 rs109329699 406882 G A 0 0 0 0 0 0 1 0 0 2 1 0 1 0 0 2 0 0 0 1
chr1 rs109380945 406942 C A 0 2 0 0 0 0 0 1 0 0 0 0 1 0 0 2 0 0 0 0
chr1 rs110054510 407202 T C 0 2 0 1 0 0 0 0 1 0 0 0 0 0 0 0 0 0 0 1
chr1 rs110024424 407227 G A 0 1 0 1 0 0 0 1 0 0 0 0 0 0 0 1 0 0 0 2
chr1 rs378211045 407571 A T 0 0 1 0 0 0 0 2 1 0 1 0 0 0 0 0 1 1 1 0
chr1 rs109294514 407624 G A 0 0 0 0 0 0 0 0 0 2 0 0 0 0 0 1 0 3 0 2
chr1 rs110649109 407708 G A 0 0 0 0 0 0 0 0 0 1 0 0 0 0 0 0 0 3 0 0
chr1 rs110223879 407990 G A 0 2 0 0 0 0 0 0 0 0 0 1 0 0 0 1 0 0 0 2
chr1 rs208991220 408644 T C 0 0 1 0 0 0 0 0 1 0 1 0 1 0 3 0 2 0 1 0
chr1 rs208084338 409030 T C 0 0 0 1 0 0 0 0 2 0 0 0 0 0 0 0 0 0 0 0
chr1 . 409252 G C 1 0 0 0 0 0 1 0 3 0 1 0 1 1 1 0 0 0 1 0
chr1 . 409254 T C 1 0 0 0 0 0 1 0 3 0 1 0 1 1 1 0 0 0 1 0
chr1 . 409950 T A 0 0 1 0 0 0 1 0 1 0 0 0 0 0 0 0 1 0 1 0
chr1 rs208051338 410193 G A 0 0 0 0 0 0 0 0 1 0 0 0 0 0 0 0 0 0 0 2
chr1 . 410768 C A 1 0 2 0 0 0 1 0 2 0 0 0 0 0 1 0 0 0 1 0
chr1 rs383338661 410833 T C 0 0 0 0 0 0 1 0 0 0 0 0 0 0 0 0 0 0 3 0
chr1 rs210422348 411328 A G 0 0 0 0 0 0 0 0 1 1 1 0 0 0 0 0 2 0 0 0
chr1 rs384390821 411647 A G 1 0 0 2 0 0 0 0 0 0 0 1 0 0 2 0 0 0 0 1
chr1 rs379663440 411677 C T 1 0 0 0 0 0 0 0 0 0 1 1 0 1 0 0 0 0 0 1
chr1 . 411687 A G 2 0 0 0 0 0 0 0 0 0 1 1 0 2 0 0 0 0 0 1
chr1 . 411694 C A 2 0 0 0 0 0 0 0 0 0 1 1 0 2 0 0 0 0 0 1
chr1 rs382602552 411707 T C 3 0 1 0 0 0 0 0 0 0 0 1 0 1 0 0 1 0 1 1
chr1 rs382403332 411959 G C 1 0 0 2 0 0 0 0 1 1 0 0 0 0 1 0 0 0 0 0
chr1 rs135919189 413044 T C 0 0 0 0 0 0 1 0 0 1 0 1 0 0 3 0 0 0 0 1
chr1 rs208908079 413101 C T 0 0 0 1 0 0 0 0 0 0 1 0 1 0 0 0 1 0 0 0
chr1 rs378286764 413184 C A 3 0 1 0 0 0 0 0 1 0 0 1 0 0 1 0 2 0 2 0
chr1 rs211605633 413185 A G 3 0 1 0 0 0 0 0 1 0 0 1 0 0 1 0 2 0 2 0
chr1 rs382517552 414203 T C 0 0 0 0 0 0 0 0 0 0 0 0 0 0 0 0 0 0 0 0
chr1 rs384837923 414422 T C 0 0 0 0 0 0 0 0 0 1 0 0 2 0 0 0 1 0 1 0
chr1 rs110218030 415607 C T 0 0 1 0 0 0 0 0 0 0 3 0 1 0 1 0 3 0 0 0
chr1 rs136223649 415956 A G 1 0 0 0 0 0 0 0 1 3 4 0 2 1 1 0 0 0 0 0
chr1 rs109323722 417169 T C 0 0 0 1 0 0 0 0 0 0 0 0 0 0 1 0 1 0 0 0
chr1 rs109151905 420004 C G 1 0 0 0 0 0 1 0 0 0 0 1 0 1 0 0 1 0 0 1
chr1 . 420889 T A 1 0 3 0 0 0 2 0 1 0 0 0 0 2 1 0 0 0 0 0
chr1 rs384257304 424439 A G 1 0 2 0 0 0 0 0 0 0 2 0 0 1 1 0 2 0 2 0
chr1 rs210003006 424580 G A 0 0 0 0 0 0 1 0 1 0 0 2 2 0 1 0 0 0 0 0
chr1 rs207958625 424595 G A 0 0 0 0 0 0 1 0 0 1 0 0 2 0 1 0 1 0 0 0
chr1 rs382967510 424760 A G 1 0 1 0 0 0 0 0 0 0 1 0 1 0 0 0 2 0 0 0
chr1 rs385187505 424876 A C 1 0 1 1 0 0 0 0 0 0 0 0 1 0 0 0 0 0 0 0
chr1 rs110080740 428469 C T 0 0 0 1 0 0 1 0 0 1 1 0 0 0 0 0 0 0 0 3
chr1 rs133802792 428671 A G 1 0 2 0 0 0 0 0 1 0 0 0 1 0 0 0 3 0 1 0
chr1 rs378299964 431911 T G 2 0 1 0 0 0 0 0 1 0 1 0 1 0 0 0 1 0 0 0
chr1 rs109070115 432385 C T 0 1 0 5 0 0 0 2 0 0 0 1 0 0 0 2 0 1 0 1
chr1 rs132964605 432441 C T 3 2 1 3 0 0 0 0 1 0 0 0 0 0 2 0 2 1 0 0
chr1 rs134095806 432495 A G 0 1 0 0 0 0 0 0 1 2 0 0 0 0 0 0 2 0 0 0
chr1 rs382567913 432616 A C 0 0 0 2 0 0 2 0 0 0 1 0 0 0 0 0 1 0 1 0
chr1 rs137603785 432814 T C 1 0 1 0 0 0 1 0 0 0 0 1 0 1 0 0 2 0 1 0
chr1 rs208751590 432882 A C 0 1 0 0 0 0 0 0 0 0 0 0 1 0 0 1 1 0 1 0
chr1 rs208503951 433468 G T 1 0 1 1 0 0 0 0 1 1 2 0 0 0 2 0 0 0 0 0
chr1 rs135060846 433574 C A 0 0 2 0 0 0 0 0 1 3 0 0 0 1 0 0 1 0 1 0
chr1 rs135886110 433685 C T 0 0 2 0 0 0 3 0 0 0 0 0 0 0 2 0 0 0 0 0
chr1 rs135083854 433829 C G 1 0 4 0 1 0 2 0 1 0 0 1 0 1 0 0 1 0 3 0
chr1 rs133765117 434117 T C 1 0 1 0 0 0 1 0 1 1 1 0 0 0 1 0 1 0 1 0
chr1 rs384030666 434621 A C 2 0 0 1 0 0 1 0 1 2 2 0 1 0 1 0 0 0 1 1
chr1 rs133731465 434996 C T 3 2 1 0 0 0 0 2 2 0 0 0 0 0 0 0 0 0 0 0
chr1 rs385388891 436161 C T 1 0 1 0 0 0 0 0 0 0 0 0 0 0 0 0 2 0 0 1
chr1 rs135142509 436576 A T 2 0 1 0 0 0 0 0 0 2 0 0 0 0 1 0 1 0 2 0
chr1 rs210047946 436709 C T 0 0 0 0 0 0 0 0 1 0 1 0 0 0 0 0 1 0 0 0
chr1 rs383859510 437209 C G 0 0 0 0 0 0 0 0 1 0 1 0 0 0 1 0 1 0 2 2
chr1 rs383439130 438218 T G 2 1 0 0 0 0 0 0 0 1 0 0 0 0 0 1 0 0 0 0
chr1 rs209154341 438513 T C 1 0 1 0 0 0 2 1 2 0 2 0 0 0 0 1 0 0 0 0
chr1 rs134001982 438678 G A 0 0 1 0 0 0 2 0 0 1 0 0 0 1 0 0 0 0 0 0
chr1 rs134490052 438737 T G 1 0 0 0 0 0 0 0 1 0 0 0 0 0 0 0 0 1 1 0
chr1 rs135880173 438797 T C 0 2 0 0 0 0 0 0 0 0 0 1 0 0 0 1 2 0 1 0
chr1 rs136908712 438992 A G 2 0 0 0 0 0 0 0 2 1 0 0 0 1 1 0 2 0 0 0
chr1 rs135129340 439091 A G 2 0 5 0 0 0 0 0 0 1 1 1 0 0 1 0 0 0 0 0
chr1 rs132993931 439322 A T 3 0 1 0 0 0 0 0 1 0 1 0 0 1 1 0 0 0 3 0
chr1 rs132666799 440281 C T 1 0 0 0 0 0 0 0 0 1 0 0 0 1 2 0 0 0 0 0
chr1 rs134123170 440721 G T 0 0 0 0 0 0 1 0 0 1 0 0 0 2 0 0 1 0 1 0
chr1 rs137614777 440805 T C 0 0 1 0 0 0 0 0 0 0 0 0 0 0 1 0 1 0 1 0
chr1 rs137236544 441029 A G 1 0 0 0 0 0 1 0 0 0 0 2 0 0 0 0 2 0 1 0
chr1 rs135462248 441056 G A 2 0 1 0 0 0 1 0 0 0 0 1 0 0 0 0 2 0 2 0
chr1 rs133532134 441327 T C 2 0 0 0 0 0 0 0 0 1 0 1 0 1 0 0 0 0 1 0
chr1 rs208280922 441479 G A 1 1 0 0 0 0 0 0 0 0 1 0 0 0 0 2 1 0 1 0
chr1 rs134684196 441499 T C 1 0 0 0 0 0 1 0 1 0 0 1 0 0 3 0 1 0 0 0
chr1 rs134811343 441609 C T 1 1 0 0 0 0 0 0 1 0 0 0 0 0 0 1 0 0 0 0
chr1 rs133951337 441709 T C 0 1 0 0 0 0 0 0 0 0 0 2 0 0 0 1 1 3 0 1
chr1 rs137392294 441722 C T 2 0 0 0 0 0 0 0 0 0 0 3 0 0 2 0 3 0 0 0
chr1 rs133984545 441850 T G 1 0 2 0 0 0 2 0 0 0 1 0 0 3 0 0 0 0 1 0
chr1 rs135805488 441855 C T 1 0 1 0 0 0 2 0 0 0 1 0 0 3 0 0 0 0 1 0
chr1 rs133082296 441954 C T 0 0 0 0 0 0 0 0 0 1 0 1 0 1 0 0 2 0 1 0
chr1 rs137069189 441987 A G 1 0 0 0 0 0 0 0 0 0 0 0 0 2 0 0 2 0 1 0
chr1 rs135512522 442371 T C 2 0 0 0 0 0 2 0 0 1 0 1 0 2 0 0 1 0 1 0
chr1 rs133572634 442521 T C 1 0 1 0 0 0 0 0 2 0 0 0 0 0 2 0 0 0 1 0
chr1 rs209991010 442578 G A 1 0 0 0 0 0 0 0 0 0 0 0 1 0 1 0 0 0 1 0
chr1 rs208492998 442751 G T 1 0 0 0 0 0 0 0 0 0 0 0 1 0 0 0 1 0 1 0
chr1 rs210876285 442757 A G 0 0 1 0 0 0 0 0 0 0 0 0 0 1 0 0 1 0 1 0
chr1 rs136140268 442798 A G 0 0 2 0 0 0 1 0 0 0 0 0 0 1 0 0 0 0 0 0
chr1 rs136764704 442821 A G 0 0 2 0 0 0 2 0 1 0 0 0 0 1 0 0 0 0 1 0
chr1 rs211454215 442873 G A 0 0 0 0 0 0 1 0 0 1 0 0 1 0 0 0 0 0 1 0
chr1 rs208528758 442897 G A 0 0 1 0 0 0 0 0 0 0 0 0 0 0 1 0 0 0 0 0
chr1 rs136510168 442939 A C 1 0 0 0 0 0 0 0 0 0 0 0 0 0 0 2 0 0 1 0
chr1 rs133797476 443005 A G 0 0 1 0 0 0 0 0 0 0 0 0 0 1 1 0 0 0 1 0
chr1 rs211569709 443022 C A 0 0 2 0 0 0 0 0 0 0 0 0 3 0 0 0 1 0 3 0
chr1 rs135765528 443029 G A 0 0 2 0 0 0 0 0 0 0 1 0 0 3 0 0 1 0 3 0
chr1 rs210473587 443059 G A 0 0 2 0 0 0 0 0 0 0 3 0 2 0 0 0 1 0 2 0
chr1 rs136504784 443063 A C 0 0 2 0 0 0 0 0 0 0 1 2 0 1 0 0 2 0 1 0
chr1 rs133943209 443229 T C 2 0 1 0 0 0 1 0 1 0 0 0 0 1 0 0 1 0 1 0
chr1 rs207601208 443313 G A 0 0 1 0 0 0 1 1 1 0 4 0 1 0 0 2 0 0 3 0
chr1 rs210256636 443364 C G 0 2 1 0 0 0 0 0 2 0 2 0 1 0 0 0 1 1 0 0
chr1 rs135160345 444021 C T 0 0 1 0 0 0 0 0 1 0 0 0 0 0 0 1 1 0 3 0
chr1 rs132960784 444081 C G 1 0 0 0 0 0 0 0 0 0 1 0 0 0 0 0 1 1 2 2
chr1 rs135468299 444151 C A 0 1 2 0 0 0 0 0 0 0 0 0 0 1 0 0 0 0 1 0
chr1 rs136821337 444335 G A 0 0 0 0 0 0 1 0 2 0 0 0 0 1 0 0 0 0 0 0
chr1 rs134260895 444346 T C 1 0 0 0 0 0 1 0 0 0 0 0 0 2 0 0 1 0 0 0
chr1 rs208281160 445070 C G 0 1 0 0 0 0 2 0 0 0 1 0 0 0 0 2 0 0 0 0
chr1 rs137666880 445140 T C 0 1 1 0 0 0 0 2 0 1 1 0 0 1 0 0 1 0 0 0
chr1 rs133156119 445372 G A 0 0 2 0 0 0 1 0 1 1 0 0 0 1 1 0 0 0 0 0
chr1 rs136500426 445613 C T 0 0 0 0 0 0 0 0 1 1 0 0 0 0 0 0 1 0 1 0
chr1 rs109485967 445667 A G 0 0 0 0 0 0 0 0 1 0 1 1 0 0 0 0 1 1 0 0
chr1 rs133759768 445736 G A 1 0 0 0 0 0 1 0 1 0 0 1 0 1 0 0 1 0 2 0
chr1 rs135001098 445932 G C 1 0 0 0 0 0 0 0 1 0 1 1 0 0 0 0 0 0 2 0
chr1 rs136129143 445991 A G 1 0 0 0 0 0 0 0 0 0 1 0 0 1 0 0 0 0 0 0
chr1 rs133592774 446299 A G 1 0 0 1 0 0 0 0 0 1 0 0 0 1 0 0 0 0 0 1
chr1 rs133978626 446358 A G 0 0 0 0 0 0 0 0 0 0 0 0 0 1 0 0 0 0 1 0
chr1 rs209370892 446460 G T 0 0 0 0 0 0 1 0 1 0 3 0 1 0 0 0 0 0 1 0
chr1 rs132879130 446565 A G 1 0 0 0 0 0 0 0 0 2 0 2 0 0 0 0 2 0 0 0
chr1 rs211165169 446746 G A 0 0 0 0 0 0 1 0 0 1 0 0 0 0 0 0 0 0 1 1
chr1 rs208327923 446764 C T 0 0 0 0 0 0 0 0 0 1 0 0 0 0 0 0 0 0 2 1
chr1 rs135724846 446918 G C 0 0 1 0 0 0 0 0 0 1 0 1 0 0 0 0 0 0 0 0
chr1 rs109571959 447084 G T 0 0 1 0 0 0 1 0 0 0 0 0 0 0 0 2 0 1 0 0
chr1 rs136273682 447202 C T 2 0 1 0 0 0 1 0 0 0 1 3 0 0 3 0 1 0 1 0
chr1 rs137245302 447648 A C 3 0 1 0 0 0 1 0 0 0 0 0 0 3 0 2 0 0 0 0
chr1 rs136222202 447688 G T 2 0 2 0 0 0 0 0 0 1 0 0 0 3 2 0 0 0 2 0
chr1 rs210712056 447851 G C 0 0 0 1 0 0 0 0 0 0 0 0 0 0 0 0 0 0 1 0
chr1 rs133676988 448023 T C 0 1 0 0 0 0 0 0 0 0 0 0 0 1 0 1 0 3 0 0
chr1 rs136678456 448168 T G 0 0 1 0 0 0 0 0 1 0 0 0 0 0 0 0 0 0 0 0
chr1 rs210986664 448357 G A 1 0 0 2 0 0 1 1 1 0 1 0 0 0 0 0 0 0 0 1
chr1 rs208287712 448436 G A 0 1 1 0 0 0 0 0 1 0 1 0 1 0 0 2 0 0 2 0
chr1 rs137622923 448497 G A 0 1 1 0 0 0 0 0 0 0 0 0 0 0 0 0 0 0 0 0
chr1 rs210954401 448530 G C 0 0 2 0 0 0 0 0 0 0 1 0 0 0 0 0 1 0 0 0
chr1 rs132958070 448641 T C 1 2 0 0 0 0 0 0 0 0 0 0 0 2 0 1 1 0 0 0
chr1 rs207542593 449232 G A 1 0 0 0 0 0 0 0 1 0 1 0 1 0 1 0 0 0 0 0
chr1 rs210509968 449341 G A 0 0 1 0 0 0 0 1 0 0 1 0 0 0 0 0 0 0 1 0
chr1 rs210726709 449582 T C 1 1 0 0 0 0 0 1 1 0 0 0 0 0 0 1 0 1 2 0
chr1 rs134722125 450052 G A 0 0 1 0 0 0 0 1 0 1 0 0 0 0 0 1 0 0 3 0
chr1 rs136083861 450456 A T 2 0 0 0 0 0 0 0 0 1 0 0 0 2 0 0 0 0 0 0
chr1 rs133067037 450556 C A 1 0 1 0 0 0 0 0 0 1 0 0 0 0 1 0 0 0 0 0
chr1 rs137274553 450614 A G 1 0 3 0 0 0 1 0 0 0 0 0 0 0 0 0 0 0 2 0
chr1 rs136231304 450713 G A 1 0 2 0 0 0 0 0 1 1 0 0 0 0 2 0 0 0 1 0
chr1 rs208311581 451006 G A 0 0 0 0 0 0 0 0 0 0 1 0 0 1 0 0 0 1 2 0
chr1 rs378575919 451139 T G 1 0 0 0 0 0 1 0 0 0 0 0 0 0 0 0 0 0 1 0
chr1 rs211458620 451255 T C 1 0 0 0 0 0 0 0 0 0 0 0 0 0 0 0 1 0 0 0
chr1 rs377830907 451353 C T 0 0 2 0 0 0 0 0 0 0 0 0 0 0 0 2 0 0 0 0
chr1 rs209093936 451431 G C 2 0 1 0 0 0 0 0 0 0 1 0 1 0 0 1 1 0 0 0
chr1 rs382582917 451730 A G 2 0 1 0 0 0 0 0 0 1 0 0 0 1 2 0 0 0 1 0
chr1 rs135574725 451801 T C 3 0 0 0 0 0 0 0 0 0 1 0 0 1 0 0 0 0 1 0
chr1 rs133528013 451896 C A 0 0 1 0 0 0 1 0 1 1 0 1 0 1 0 0 0 0 0 0
chr1 rs386132461 452264 G C 2 0 0 1 0 0 1 0 0 0 1 0 0 0 1 0 1 0 0 2
chr1 rs137205173 452345 G A 2 0 3 0 0 0 0 0 0 0 0 0 0 0 0 0 0 1 1 0
chr1 rs209058047 452579 C T 0 0 1 0 0 0 0 0 0 0 0 0 0 0 0 0 0 0 0 0
chr1 rs136509379 452580 A G 0 0 1 0 0 0 0 0 0 0 0 0 0 0 0 0 0 0 0 0
chr1 rs135757304 452794 A G 0 0 0 0 0 0 0 0 0 0 0 0 0 0 0 1 0 0 2 0
chr1 rs136503428 452822 C T 0 0 0 0 0 0 0 0 0 1 0 0 0 1 0 0 0 0 2 0
chr1 rs384646281 452844 C A 0 0 0 0 0 0 0 0 1 0 1 0 4 0 0 0 1 0 3 0
chr1 rs137017068 452848 T C 0 0 0 0 0 0 0 0 0 1 0 1 0 4 0 0 1 0 3 0
chr1 rs135346327 452862 G A 0 0 0 0 0 0 0 0 0 1 0 1 0 4 0 1 1 0 2 0
chr1 rs136399661 453998 C T 1 0 0 0 0 0 0 0 0 1 0 0 0 0 0 3 0 0 2 0
chr1 rs136720456 454868 C T 0 1 1 0 0 0 0 0 0 3 0 0 0 0 0 1 0 1 0 0
chr1 rs135741694 455395 T C 1 0 0 0 0 0 0 1 0 0 2 0 0 1 0 1 1 0 1 0
chr1 rs133667431 455429 A G 1 0 0 0 0 0 0 0 1 0 0 0 0 2 0 0 2 0 1 0
chr1 rs210417833 455664 G A 1 0 1 0 0 0 1 0 0 0 1 0 2 0 0 1 1 1 2 0
chr1 rs135164433 456163 G A 1 0 0 0 0 0 0 0 1 0 0 1 0 0 0 0 0 0 0 0
chr1 rs133035263 456361 A G 1 0 2 0 0 0 0 0 0 0 0 1 0 0 0 1 0 0 0 0
chr1 rs136904448 456504 G C 0 0 1 0 0 0 3 0 0 0 0 1 0 0 0 0 1 0 1 0
chr1 rs135112277 456582 T C 1 0 2 0 0 0 1 0 0 0 0 0 0 0 0 0 3 0 1 0
chr1 rs136364053 456736 C T 1 0 2 0 0 0 0 0 1 2 0 0 0 0 1 0 0 0 2 0
chr1 rs132639355 456752 A T 1 0 2 0 0 0 0 0 2 1 0 0 0 0 1 0 0 0 2 0
chr1 rs133564439 457148 C T 0 0 2 0 0 0 0 0 0 0 0 0 0 1 1 0 1 0 1 0
chr1 rs137059760 457155 C T 0 0 2 0 0 0 0 0 0 0 0 0 0 1 1 0 1 0 1 0
chr1 rs110793566 457445 C T 0 0 1 0 0 0 1 1 1 0 1 0 0 0 0 2 1 0 1 0
chr1 rs110706609 457451 A C 0 0 1 0 0 0 1 1 1 0 1 0 0 0 0 2 1 0 1 0
chr1 rs207547055 457517 C T 0 0 0 0 0 0 0 0 1 0 1 0 1 0 0 0 1 0 1 0
chr1 rs137806744 458050 C T 1 0 1 0 0 0 0 0 1 1 1 0 0 0 0 0 0 0 1 0
chr1 rs208074875 458130 G T 0 0 0 0 0 0 0 0 0 0 0 0 0 0 0 0 1 0 1 0
chr1 rs137388836 458358 A G 0 0 1 0 0 0 0 0 0 0 0 0 0 1 0 0 2 0 0 0
chr1 rs135983979 458507 G A 1 0 1 0 0 0 0 0 0 0 0 0 0 0 0 0 0 1 1 0
chr1 rs135829551 458619 C T 0 0 0 0 0 0 0 0 0 0 0 0 0 2 2 0 2 0 2 0
chr1 rs135776869 458718 A G 0 1 1 0 0 0 0 0 1 0 0 0 0 0 0 1 1 1 0 0
chr1 rs136657105 458963 C G 1 0 1 0 0 0 0 0 2 2 0 1 0 0 0 0 0 0 0 0
chr1 rs133053125 459330 A T 0 0 0 0 0 0 2 0 0 0 0 0 0 0 1 0 0 0 1 0
chr1 rs209710691 459612 A G 1 1 0 0 0 0 0 0 2 0 2 0 0 0 0 1 1 1 1 0
chr1 rs134127757 459885 A C 0 0 0 0 0 0 0 0 1 1 0 0 0 0 0 2 1 1 1 0
chr1 rs133239702 459907 C A 0 0 0 0 0 0 0 0 1 1 0 0 0 2 1 0 2 0 0 0
chr1 rs133522190 459908 T C 0 0 0 0 0 0 0 0 1 1 0 0 0 2 1 0 2 0 0 0
chr1 rs208954435 459972 A G 0 1 1 0 0 0 0 0 0 0 2 0 2 0 0 0 1 1 3 0
chr1 rs136127019 460554 T G 0 0 0 0 0 0 0 0 0 0 1 0 0 0 0 1 2 0 0 0
chr1 rs137820693 460964 T C 1 1 0 0 0 0 0 0 0 0 0 0 0 0 0 2 0 0 1 0
chr1 rs133897534 461294 A G 0 1 2 0 0 0 0 0 0 0 0 0 0 0 0 2 0 0 1 0
chr1 rs207761531 461443 G A 2 0 0 0 0 0 1 0 0 0 0 0 2 0 1 0 1 0 1 0
chr1 rs207968073 461558 T C 0 0 1 0 0 0 0 0 0 0 0 0 1 0 0 1 0 0 2 0
chr1 rs378646537 461629 C T 1 0 2 0 0 0 0 0 1 1 1 0 0 0 3 0 1 0 0 0
chr1 rs208634283 461711 A C 0 0 1 0 0 0 0 1 1 0 0 0 0 0 0 0 1 2 1 0
chr1 rs210976552 461749 C G 0 0 0 0 0 0 0 3 0 1 0 0 0 0 0 0 1 1 1 0
chr1 rs209347957 461976 T G 0 0 0 0 0 0 0 1 0 0 1 0 0 0 0 4 0 3 0 0
chr1 rs134317594 461988 T C 0 0 0 0 0 0 1 0 0 0 1 1 0 0 4 0 2 0 2 0
chr1 rs211344152 462108 A G 1 0 0 0 0 0 1 1 0 0 2 0 0 0 0 0 1 0 1 0
chr1 rs137498440 462125 A G 0 0 0 0 0 0 2 0 0 0 1 1 0 0 0 0 1 0 1 0
chr1 rs132702999 462139 A G 0 0 0 0 0 0 2 0 0 0 1 1 0 0 0 0 1 0 1 0
chr1 rs137784046 462230 C A 0 0 0 0 0 0 1 0 0 0 0 1 0 0 0 1 1 1 0 0
chr1 rs133030151 462238 G A 0 0 0 0 0 0 1 0 0 0 0 1 0 0 2 0 2 0 0 0
chr1 rs135458918 462391 C G 0 0 0 0 0 0 0 0 1 0 0 0 0 1 0 1 0 0 1 0
chr1 rs211258971 462522 C T 0 1 0 0 0 0 1 0 0 0 0 0 0 0 0 0 0 1 0 0
chr1 rs380841319 462558 C T 0 1 1 0 0 0 0 0 1 0 0 0 2 0 0 0 0 1 0 0
chr1 rs383914203 462635 T C 0 0 2 2 0 0 1 0 0 0 1 0 1 0 0 0 1 0 0 0
chr1 rs209136447 462772 A G 0 0 3 0 0 0 1 0 0 0 0 0 1 0 0 0 0 1 1 0
chr1 rs210793303 462833 A G 1 0 1 0 0 0 0 0 0 0 1 0 1 0 0 2 0 1 0 0
chr1 rs208984884 462857 T G 0 0 0 0 0 0 0 0 0 0 2 0 0 0 0 2 0 0 1 0
chr1 rs207939976 463043 C T 0 1 1 0 0 0 0 0 1 0 0 0 0 0 0 1 1 1 0 0
chr1 rs137664374 463078 T C 0 1 1 0 0 0 0 0 0 0 0 0 0 0 0 0 0 0 1 0
chr1 rs133913275 463174 T C 0 1 2 0 0 0 0 0 1 0 0 0 0 0 0 0 1 1 2 0
chr1 rs136343936 463292 T C 0 0 0 0 0 0 0 0 1 0 2 0 0 2 0 0 0 0 0 0
chr1 rs136398453 463462 C A 0 0 1 0 0 0 0 0 0 1 0 0 0 1 0 0 1 0 1 0
chr1 rs133982707 463517 A G 1 0 0 0 0 0 0 0 0 2 2 0 0 1 1 0 0 0 1 0
chr1 rs134705566 463538 A G 1 0 0 0 0 0 0 0 0 1 1 0 0 0 2 0 1 0 1 0
chr1 rs137817724 463763 A G 1 0 0 0 0 0 0 0 0 0 0 0 0 1 1 0 0 0 0 0
chr1 rs133680439 463781 A G 1 0 0 0 0 0 0 0 0 0 0 0 0 1 0 1 0 0 0 0
chr1 rs137366729 463859 T C 1 0 0 0 0 0 0 2 0 1 0 0 0 0 0 3 1 0 1 0
chr1 rs132907603 463899 A G 1 0 0 0 0 0 0 0 0 1 0 0 0 1 2 0 0 0 1 0
chr1 rs210453890 464544 G C 0 0 0 0 0 0 1 0 2 0 0 0 1 0 0 0 2 2 3 0
chr1 rs137086356 464560 G C 1 0 0 0 0 0 1 0 0 1 0 1 0 1 2 0 4 0 2 0
chr1 rs136709800 464971 A G 0 0 0 0 0 0 0 0 1 2 1 0 0 0 1 0 1 0 1 0
chr1 rs134060417 465214 C G 1 0 1 0 0 0 1 0 1 0 1 0 0 1 1 0 1 0 0 0
chr1 rs136466556 465262 G A 0 1 0 1 0 0 0 0 1 0 3 1 0 0 1 0 0 2 0 0
chr1 rs135259195 465623 G A 3 0 4 0 0 0 0 0 0 0 0 0 0 0 2 0 0 0 2 0
chr1 rs136347996 465689 G A 1 0 3 0 0 0 0 0 0 1 0 0 0 0 0 0 0 0 1 0
chr1 rs137272361 465985 G A 1 0 1 0 0 0 0 1 1 0 0 1 0 1 0 2 0 0 3 0
chr1 rs136230043 466004 C T 0 0 0 0 0 0 0 2 1 0 1 1 0 1 0 1 0 0 0 0
chr1 rs110684251 466049 G A 2 0 1 0 0 0 0 1 0 1 2 1 0 1 0 0 1 0 0 0
chr1 rs133666463 466250 T C 1 0 0 0 0 0 2 0 0 0 0 0 0 0 0 1 0 0 0 0
chr1 rs137428425 466557 A G 1 1 2 0 0 0 0 1 0 0 0 1 0 1 0 0 0 2 0 0
chr1 rs137131014 466601 T C 1 0 3 0 0 0 0 0 1 0 0 0 0 0 0 1 0 0 0 0
chr1 rs135982118 466611 C T 0 0 2 0 0 0 0 0 2 0 0 0 0 0 0 1 0 0 0 0
chr1 rs135991709 466612 T C 0 0 2 0 0 0 0 0 2 0 0 0 0 0 0 1 0 0 0 0
chr1 rs134536782 466762 G A 1 2 1 0 0 0 0 0 0 0 0 3 0 1 0 2 0 1 1 0
chr1 rs136335662 466816 C G 0 1 1 0 0 0 0 0 1 0 1 0 0 1 0 0 0 0 1 0
chr1 rs137707215 467163 T C 0 0 0 0 0 0 0 0 1 0 0 0 0 1 0 0 1 0 0 0
chr1 rs135827477 467215 G C 2 0 0 0 0 0 0 0 1 1 0 1 0 0 0 3 0 0 0 0
chr1 rs133151216 467480 C T 1 1 2 0 0 0 0 0 0 1 0 0 0 2 0 2 1 0 2 0
chr1 rs135174774 468431 G A 0 1 0 0 0 0 0 0 1 0 0 0 0 0 0 0 0 1 1 0
chr1 rs133100824 468515 A G 0 1 0 0 0 0 0 1 1 0 0 0 0 0 0 1 0 1 0 0
chr1 rs135338354 468623 C A 0 1 0 0 0 0 1 1 0 1 0 0 0 1 0 1 0 0 2 0
chr1 rs136564561 468718 A T 1 1 1 0 0 0 1 0 1 0 2 1 0 1 0 1 0 0 1 0
chr1 rs133701195 468788 A G 1 0 2 0 0 0 0 0 0 1 1 0 0 1 0 3 0 0 2 0
chr1 rs137450822 469048 C T 0 0 0 0 0 0 1 0 1 0 0 0 0 0 0 0 0 0 0 0
chr1 rs133145866 469155 G A 1 3 0 0 0 0 0 0 1 0 1 0 0 2 0 0 1 0 1 0
chr1 rs136719911 469928 A G 1 0 2 0 0 0 0 0 1 0 0 0 0 1 0 0 1 0 1 0
chr1 rs134683115 470284 G A 0 0 0 0 0 0 0 0 0 0 0 0 0 1 1 0 0 0 0 0
chr1 rs211340213 470886 T C 2 0 1 0 0 0 0 0 0 0 0 0 1 0 1 0 0 0 1 1
chr1 rs110887329 471078 C T 2 0 0 0 0 0 1 0 0 1 0 0 0 1 1 0 2 0 0 0
chr1 rs133697171 471237 A G 2 0 1 0 0 0 1 0 1 0 1 0 0 0 2 0 0 0 2 0
chr1 rs135006886 471915 A G 1 0 1 0 0 0 2 0 0 1 1 0 0 0 0 0 0 0 0 0
chr1 rs136395596 471995 G A 0 0 1 0 0 0 0 0 0 0 0 0 0 0 1 0 1 0 1 0
chr1 rs136905463 472325 G A 1 0 1 0 0 0 0 0 0 0 1 0 0 0 1 0 2 0 0 0
chr1 rs135082685 472336 G A 1 0 1 0 0 0 0 0 0 0 1 0 0 0 1 0 2 0 0 0
chr1 rs132924932 472389 A G 0 0 0 0 0 0 0 0 0 0 0 1 0 0 0 0 2 0 0 0
chr1 rs132648969 472774 G A 0 0 0 0 0 0 0 0 2 0 0 2 0 1 1 0 0 0 0 0
chr1 rs208904321 473164 G A 1 1 3 0 0 0 0 0 1 0 1 0 2 0 0 0 0 0 1 0
chr1 rs133209837 473704 G A 3 0 0 0 0 0 1 0 0 1 0 1 0 0 3 0 1 0 2 0
chr1 rs210387362 473958 T A 1 0 1 0 0 0 0 0 0 0 0 0 0 0 0 1 0 0 2 0
chr1 rs137794508 474093 G A 1 0 3 0 0 0 1 0 1 1 1 0 0 0 3 0 2 0 3 0
chr1 rs137334981 474233 A G 2 0 2 0 0 0 2 0 0 0 0 0 0 0 1 0 0 0 1 0
chr1 rs135756965 474414 A C 0 0 1 0 0 0 1 0 0 0 0 0 0 0 1 0 0 0 0 0
chr1 rs135034187 474456 T C 0 0 0 0 0 0 2 0 0 0 0 1 0 0 0 0 0 0 1 0
chr1 rs135178492 474556 A G 1 0 0 0 0 0 1 0 1 0 0 1 0 1 1 0 1 0 1 0
chr1 rs136913228 474679 T G 0 1 2 0 0 0 0 0 3 0 0 0 0 1 0 1 0 2 1 0
chr1 rs385331569 474791 A C 1 0 1 0 0 0 0 0 3 0 1 0 0 0 0 3 0 0 2 0
chr1 rs379074479 474801 G A 0 0 2 0 0 0 1 0 3 0 0 0 0 0 0 2 0 0 1 0
chr1 rs135967291 474996 G A 1 0 0 0 0 0 0 0 0 0 0 0 0 2 0 0 2 0 0 0
chr1 rs381375204 477345 A C 0 0 1 0 0 0 1 0 1 0 2 0 1 0 0 0 0 0 0 0
chr1 rs137065956 477519 C T 2 0 0 0 0 0 1 0 0 1 0 2 0 2 0 0 1 0 2 0
chr1 rs136769507 477622 C G 0 0 0 0 0 0 0 0 0 1 0 2 0 0 1 0 0 0 1 0
chr1 rs134700551 477830 C T 2 0 2 0 0 0 0 0 0 1 0 0 0 0 2 0 1 0 1 0
chr1 rs136101122 479055 T G 0 0 1 0 0 0 1 0 1 1 0 0 0 1 0 0 1 0 1 0
chr1 rs135993713 480759 T C 1 0 2 0 1 0 0 0 1 0 0 0 0 0 1 0 2 0 0 0
chr1 rs378630884 481219 G A 1 0 1 0 0 0 2 0 1 0 0 0 1 0 0 0 1 0 0 0
chr1 rs135823291 481855 C G 3 0 0 0 0 0 0 0 0 0 1 0 0 0 1 0 0 0 1 0
chr1 rs135751092 482963 G A 1 0 1 0 0 0 0 0 0 0 0 0 0 0 0 0 1 0 1 0
chr1 rs210435449 483438 C T 3 2 2 0 0 0 1 0 2 0 0 0 1 0 0 1 0 0 1 0
chr1 rs209655615 483960 G C 0 1 1 0 0 0 0 0 0 0 2 0 0 0 0 0 0 0 0 0
chr1 rs134274531 484080 G A 1 0 0 0 0 0 2 0 4 0 0 0 0 0 3 0 1 0 0 0
chr1 rs133168444 484853 A G 2 0 2 0 0 0 0 0 1 0 0 0 0 0 0 0 0 0 1 0
chr1 rs133486538 486883 C T 1 0 0 0 0 0 3 0 1 1 1 1 0 0 1 0 0 0 0 0
chr1 rs137558742 487056 C T 2 0 1 0 0 0 1 0 1 0 0 0 0 2 1 0 0 0 1 0
chr1 rs135176704 487989 T G 2 0 1 0 0 0 0 0 0 0 0 0 0 1 0 0 0 0 0 0
chr1 rs378206966 490821 G A 0 0 0 0 0 0 0 0 0 0 0 0 1 0 0 1 0 0 0 0
chr1 rs211582771 492438 C T 0 0 1 0 0 0 0 0 1 0 1 0 2 0 0 2 0 0 1 0
chr1 rs381269162 493028 G A 0 0 1 0 0 0 0 1 1 0 1 0 0 0 0 1 0 0 1 0
chr1 rs385361208 497254 G A 3 0 0 1 0 0 1 0 0 0 0 0 1 0 2 0 1 0 0 0
chr1 rs383193571 497477 G A 1 2 1 0 0 0 1 0 0 0 1 0 0 0 0 1 0 0 0 0
chr1 rs382787238 497880 A G 3 0 0 0 0 0 0 0 0 1 0 0 3 0 0 0 0 0 0 2
chr1 rs211418974 497996 C A 0 0 1 0 0 0 2 0 0 0 0 0 0 0 1 0 0 0 0 0
chr1 rs210585978 498154 A C 1 0 1 0 0 0 0 0 0 0 0 0 0 0 0 0 2 0 0 1
chr1 rs136922566 500156 C T 0 0 0 0 0 0 0 0 0 0 0 0 0 1 2 0 0 0 2 0
chr1 rs135267485 500336 G A 1 0 0 0 0 0 0 0 1 0 0 0 0 2 1 0 0 0 1 0
chr1 rs134271202 501698 G C 0 0 0 0 0 0 1 0 0 0 0 1 0 3 1 0 1 0 3 0
chr1 rs378007485 503931 G T 1 0 0 0 0 0 0 0 1 0 1 0 2 0 0 0 0 0 1 0
chr1 rs207739539 505736 A G 0 0 2 0 0 0 0 0 0 0 0 0 2 0 0 0 0 0 1 0
chr1 rs137272734 505918 C T 0 0 0 0 0 0 0 1 0 1 2 0 0 3 0 0 0 1 0 0
chr1 rs135839345 505992 A T 0 0 3 0 0 0 0 0 0 0 0 0 2 0 0 2 3 1 2 0
chr1 rs109976282 506103 T C 0 1 0 1 0 0 0 0 0 1 1 0 0 1 0 0 1 1 2 1
chr1 rs41633264 506410 A G 0 0 0 0 0 0 0 0 0 0 1 0 2 0 0 3 0 0 0 0
chr1 rs109241281 506583 G C 0 0 1 0 0 0 0 0 0 0 0 0 0 0 0 1 0 0 1 0
chr1 rs133929916 506628 A T 0 0 1 0 0 0 0 0 0 1 0 0 0 0 1 0 0 0 2 0
chr1 rs382388335 506656 A C 0 0 0 0 0 0 0 0 1 0 0 0 1 0 3 0 1 0 2 0
chr1 rs384645684 507666 G A 3 0 0 0 0 0 1 0 1 0 3 0 0 0 0 0 1 0 1 0
chr1 rs110938723 509629 C T 4 0 0 0 0 0 1 0 0 1 0 0 0 1 1 0 4 0 0 2
chr1 rs109785206 509915 C A 1 0 1 0 0 0 1 0 0 0 0 1 0 0 2 0 0 0 0 0
chr1 rs211557421 510152 C T 0 0 2 0 0 0 1 0 0 0 0 0 0 0 0 1 1 1 0 0
chr1 rs29015850 516341 G A 0 0 0 0 0 0 0 0 0 0 0 0 0 2 0 0 0 0 0 0
chr1 rs29015852 516404 G A 0 0 0 0 0 0 0 0 1 0 0 0 0 0 0 0 0 1 0 0
chr1 rs211038244 517123 T C 2 0 1 0 0 0 0 1 1 0 0 0 2 0 0 2 0 0 1 0
chr1 rs109573166 517744 C T 0 0 0 0 0 0 1 0 0 1 0 1 0 1 4 0 1 0 1 1
chr1 rs41633259 517814 C T 0 1 0 0 0 0 1 0 0 0 0 0 1 0 0 1 2 0 0 0
chr1 rs208368334 518100 C G 0 0 1 0 0 0 0 0 1 0 0 0 0 0 0 1 1 0 0 0
chr1 rs210183913 518119 G T 0 0 1 0 0 0 0 1 1 0 0 0 0 0 0 1 1 0 1 0
chr1 rs210275564 518246 A G 0 1 1 0 0 0 1 0 0 0 2 0 0 0 0 1 1 0 2 0
chr1 rs209460756 518325 A G 0 2 0 0 0 0 0 0 0 0 0 0 3 0 0 0 1 0 1 0
chr1 rs209864707 519291 A G 1 0 0 0 0 0 0 0 0 0 2 0 1 0 0 0 0 0 3 0
chr1 rs211476618 519575 T C 1 0 2 0 0 0 0 0 0 0 0 0 1 0 0 0 0 1 2 0
chr1 rs210222482 520632 C A 0 0 2 0 0 0 0 0 0 0 1 0 1 0 0 1 0 0 1 0
chr1 rs210780391 520679 G C 0 0 2 0 0 0 0 0 1 0 1 0 0 0 0 0 1 0 0 0
chr1 rs208771277 520711 G A 0 0 2 0 0 0 0 0 1 0 1 0 0 0 0 0 2 0 1 0
chr1 rs209990250 520727 C T 0 0 2 0 0 0 0 0 1 0 1 0 0 0 0 1 0 0 1 0
chr1 rs379770844 521081 A G 1 1 0 2 0 0 0 0 0 0 0 1 0 2 1 0 0 0 0 0
chr1 rs137207736 521134 A G 1 0 0 1 0 0 0 1 0 1 0 1 0 2 1 0 0 0 0 1
chr1 rs209556033 521237 T C 0 2 0 3 0 0 0 0 0 0 0 0 0 1 0 0 1 2 0 2
chr1 rs211153536 521238 G A 0 2 0 3 0 0 0 0 0 0 0 0 0 1 0 0 1 2 0 2
chr1 rs208319376 521341 C T 0 0 0 1 0 0 0 0 0 0 0 0 0 0 0 0 1 0 0 1
chr1 rs380589487 521940 G A 1 0 1 0 0 0 0 0 1 0 0 0 2 0 0 1 1 1 2 0
chr1 rs211643210 522190 G C 1 0 0 0 0 0 0 0 0 0 1 0 1 0 0 1 1 0 0 0
chr1 rs41633270 522543 A G 1 0 0 0 0 0 0 0 1 0 2 0 2 0 0 0 2 1 2 0
chr1 rs207673683 522832 T G 0 0 1 0 0 0 0 1 0 0 0 0 1 0 0 0 0 0 0 0
chr1 rs109718124 526568 C T 0 0 1 0 0 0 1 0 1 2 0 1 0 0 0 0 0 0 0 0
chr1 rs110898774 527395 C A 0 0 0 0 0 0 1 0 0 2 0 2 0 1 2 0 1 0 0 0
chr1 rs109061482 527549 A G 0 1 0 1 0 0 0 0 0 0 0 1 0 0 1 0 1 1 0 1
chr1 rs109189266 527707 C T 0 0 0 0 0 0 0 1 0 0 0 1 0 0 1 0 0 3 0 1
chr1 rs210039592 527849 C T 0 1 0 0 0 0 0 1 2 0 0 0 1 0 0 0 0 0 0 2
chr1 rs209401009 528488 G A 1 0 0 0 0 0 0 0 2 2 2 0 0 0 3 0 0 0 0 0
chr1 rs110194398 528688 A C 0 0 0 1 0 0 0 0 0 0 0 2 0 0 1 0 0 0 0 0
chr1 rs110099337 528796 T A 1 0 1 0 0 0 1 0 0 0 1 0 0 0 1 0 0 0 0 0
chr1 rs109507020 530133 C T 2 1 0 1 0 0 0 1 0 1 0 2 0 0 0 0 0 0 0 2
chr1 rs211216496 530167 T G 1 1 0 1 0 0 0 1 0 0 1 0 0 0 0 0 0 0 0 3
chr1 rs211645089 530297 T C 0 0 0 0 0 0 1 0 1 0 3 0 3 0 0 0 0 0 1 0
chr1 rs211435370 530466 C T 1 0 0 0 0 0 1 0 0 0 1 0 1 0 1 0 0 0 3 0
chr1 rs208048533 530626 C G 2 1 0 3 0 0 0 0 0 1 0 0 0 1 0 2 1 0 1 0
chr1 rs209753047 530629 T G 3 0 0 3 0 0 0 0 0 1 0 0 0 1 2 0 1 0 1 0
chr1 rs379013176 530776 T C 0 0 0 0 0 0 0 0 1 1 1 1 0 0 0 2 0 0 2 0
chr1 rs110471845 532579 T C 0 0 0 0 0 0 0 0 2 0 1 1 0 3 1 0 1 0 1 0
chr1 rs110259865 532599 C T 0 0 0 0 0 0 1 0 0 3 0 2 0 2 1 0 0 2 0 1
chr1 rs109967715 533098 A C 1 1 0 0 0 0 0 1 0 0 0 0 0 0 0 0 0 0 0 1
chr1 rs382176952 533187 C T 2 0 0 0 0 0 1 0 0 0 0 0 0 0 0 0 3 0 0 0
chr1 rs110481715 533233 G C 1 0 2 0 0 0 1 0 0 0 0 0 0 0 1 0 0 0 1 0
chr1 rs379740532 533272 A C 0 0 1 1 0 0 0 0 0 0 0 0 0 0 1 0 0 0 1 0
chr1 rs209099616 536082 A G 0 1 2 0 0 0 0 1 0 0 1 0 1 0 0 3 0 0 0 1
chr1 rs110900234 536740 T G 0 0 0 2 0 0 0 1 0 0 0 0 0 1 2 0 0 2 0 0
chr1 rs383664472 536883 C T 2 0 0 1 0 0 0 0 0 0 0 0 0 0 2 0 0 0 0 1
chr1 rs209604713 536947 A G 1 0 1 0 0 0 0 0 1 0 1 0 0 0 1 0 1 0 0 0
chr1 rs210557624 537020 G A 1 0 1 0 0 0 2 0 1 0 1 0 2 0 0 0 1 0 1 1
chr1 rs378799482 537314 C G 0 0 0 0 0 0 1 0 0 1 2 0 0 0 1 0 1 0 0 0
chr1 rs209653278 538186 C T 0 0 0 1 0 0 0 0 1 0 1 0 1 0 0 0 1 0 1 0
chr1 rs136415572 538561 A C 0 0 0 0 0 0 0 0 1 0 0 0 1 0 0 0 3 0 0 0
chr1 rs110771137 541377 C A 0 0 0 2 0 0 0 1 0 0 0 0 0 1 4 0 0 0 0 0
chr1 rs109732029 541599 A C 0 0 1 0 0 0 0 0 0 0 1 0 1 0 0 1 0 0 1 0
chr1 rs208326545 543076 T A 0 0 0 0 0 0 1 1 2 0 0 0 1 0 0 1 0 1 0 0
chr1 rs378902533 543762 A G 1 0 0 0 0 0 0 0 0 0 1 0 2 0 0 0 0 0 0 0
chr1 rs382125503 543828 G A 1 0 1 0 0 0 0 0 1 0 4 0 1 0 1 0 3 0 0 1
chr1 rs385780905 544007 C T 0 0 1 0 0 0 0 0 0 0 2 0 1 0 0 0 2 0 0 1
chr1 rs207598335 544052 G A 2 0 1 0 0 0 1 0 0 0 4 0 0 0 0 0 0 0 0 1
chr1 rs209380033 544417 G C 1 0 0 0 0 0 1 0 0 0 0 0 0 0 3 0 0 0 1 0
chr1 rs209132094 544452 T G 0 0 0 0 0 0 1 0 0 0 0 0 1 0 0 0 0 0 0 0
chr1 rs209491774 544642 C T 1 0 1 0 0 0 1 0 0 0 2 0 1 0 0 0 0 0 0 1
chr1 rs207577295 544709 T C 1 0 0 1 0 0 1 0 0 0 2 0 0 0 2 0 0 0 0 0
chr1 rs377935389 544799 T G 0 0 1 2 0 0 2 0 0 0 0 0 2 0 3 0 0 0 0 0
chr1 rs385364471 544824 T C 1 0 1 2 0 0 3 0 0 0 0 0 1 0 1 0 0 0 0 0
chr1 rs381907476 544871 T C 1 0 1 0 0 0 0 0 1 1 0 0 0 0 0 0 0 0 1 0
chr1 rs384350180 544982 C A 0 0 1 0 0 0 1 0 0 0 2 0 1 0 1 0 1 0 0 0
chr1 rs382000895 545135 G A 1 0 0 1 0 0 1 0 0 1 1 0 0 0 1 0 2 0 0 0
chr1 rs384576076 545148 A T 1 0 0 1 0 0 0 0 0 1 0 0 0 0 1 0 1 0 0 0
chr1 rs379024862 545169 G A 0 0 0 1 0 0 0 0 0 0 0 0 0 0 2 0 0 0 0 0
chr1 rs383029678 545355 A G 3 0 0 0 0 0 1 0 0 0 3 0 0 0 2 0 0 0 1 0
chr1 rs383001829 545453 G A 0 0 0 1 0 0 0 0 1 0 0 0 0 0 1 0 0 0 0 0
chr1 rs378156991 545533 A G 1 0 1 1 0 0 0 0 1 1 2 0 0 0 1 0 1 0 0 2
chr1 rs380292770 545576 A G 3 0 1 1 0 0 1 0 0 0 4 0 0 0 1 0 1 0 0 2
chr1 rs109184649 545767 T C 2 0 0 2 0 0 0 0 0 1 0 0 0 2 0 0 0 1 0 0
chr1 rs378412826 545989 C A 1 0 1 0 0 0 0 0 0 1 0 0 1 0 1 0 1 0 0 0
chr1 rs384443251 546346 G A 0 0 0 0 0 0 0 0 0 1 0 0 1 0 1 0 1 0 0 0
chr1 rs379118808 546450 T G 1 0 0 0 0 0 1 0 0 0 0 0 1 0 1 0 3 0 1 0
chr1 rs382502039 546742 G A 2 0 0 0 0 0 0 0 1 1 0 0 0 0 1 0 0 0 0 0
chr1 rs380356706 546791 A G 0 0 2 0 0 0 0 0 1 0 0 0 0 0 0 0 0 0 1 1
chr1 rs383573742 546991 T C 3 0 0 0 0 0 0 0 1 0 2 0 0 0 1 0 0 0 1 1
chr1 . 547022 A G 2 0 0 1 0 0 0 0 1 1 0 0 0 0 2 0 1 0 2 1
chr1 rs385509849 547058 C G 1 0 0 1 0 0 0 0 0 1 1 0 1 0 1 0 2 0 2 0
chr1 rs380011619 547117 G A 1 0 0 0 0 0 1 0 0 0 2 0 0 0 0 0 1 0 0 0
chr1 rs383636283 547636 A G 0 0 0 1 0 0 1 0 1 0 1 0 4 0 1 0 3 0 0 2
chr1 rs378693296 547720 T A 1 0 1 0 0 0 0 0 0 1 0 0 0 0 0 0 2 0 1 2
chr1 rs381285163 548300 A G 0 0 0 0 0 0 1 0 1 0 0 0 0 0 1 0 0 0 0 0
chr1 rs207880715 549358 C T 1 0 0 0 0 0 0 0 1 0 1 0 0 0 1 0 1 0 0 0
chr1 rs133722091 549770 G A 0 0 0 0 0 0 0 1 0 0 0 0 0 2 2 0 0 0 0 0
chr1 rs379504250 551177 A C 0 0 0 0 0 0 0 0 0 0 0 0 1 0 2 0 0 0 0 1
chr1 rs133723612 551188 A G 0 0 0 0 0 0 0 0 0 0 0 0 0 1 2 0 0 0 1 0
chr1 rs208176216 551423 G A 2 0 0 0 0 0 0 0 0 0 1 0 0 0 0 0 0 0 0 0
chr1 rs378402641 551851 G C 3 0 0 1 0 0 0 0 1 0 0 0 0 0 4 0 0 0 0 1
chr1 rs109013589 551933 C A 1 0 0 0 0 0 1 0 0 1 0 1 0 0 2 0 0 0 0 0
chr1 rs382120053 552223 G A 0 0 0 0 0 0 1 0 0 0 1 0 0 0 1 0 2 0 0 0
chr1 rs379741974 552476 T G 0 0 1 1 0 0 1 0 1 0 2 0 0 0 2 0 1 0 1 1
chr1 . 552677 C A 0 0 0 0 0 0 0 0 0 0 0 0 1 0 3 0 1 0 0 0
chr1 rs382849648 552782 A G 3 0 0 0 0 0 0 0 0 2 1 0 0 0 1 0 0 0 1 0
chr1 rs379222660 552883 T C 1 0 1 2 0 0 1 0 1 0 0 0 1 0 2 0 0 0 1 1
chr1 rs381901594 552964 G A 0 0 0 0 0 0 0 0 0 0 1 0 0 0 2 0 1 0 0 0
chr1 rs385481268 553004 A G 1 0 0 0 0 0 1 0 0 0 0 0 0 0 0 0 3 0 1 0
chr1 rs382745656 553438 A G 0 0 0 1 0 0 1 0 2 0 1 0 0 0 2 0 0 0 1 1
chr1 rs110912247 553926 T G 0 1 0 0 0 0 0 0 0 1 0 0 0 1 1 0 1 1 0 1
chr1 rs210283417 554402 A C 0 0 1 1 0 0 0 0 1 0 0 0 0 0 1 0 3 0 0 1
chr1 rs109647168 554534 T A 2 1 0 0 0 0 0 1 1 0 0 2 0 1 0 0 0 0 0 0
chr1 rs211108338 554558 T C 3 0 1 0 0 0 1 0 0 1 0 0 2 0 0 0 2 0 0 1
chr1 rs133825129 555049 T C 2 0 0 2 0 0 0 0 0 0 0 0 0 0 0 0 0 0 0 0
chr1 rs110075208 555164 C T 1 0 1 0 0 0 1 0 1 0 0 1 0 0 2 0 0 1 0 0
chr1 rs383907568 555454 A G 0 0 1 0 0 0 0 0 0 0 0 0 0 0 1 0 0 0 0 1
chr1 . 555599 C T 1 0 0 1 0 0 2 0 2 0 2 0 1 0 0 0 0 0 0 1
chr1 rs385967446 555855 T G 0 0 1 0 0 0 1 0 1 0 0 0 1 0 1 0 0 0 0 1
chr1 rs385919034 556064 G A 1 0 0 0 0 0 0 0 0 1 1 0 1 0 2 0 1 0 1 0
chr1 rs383754201 556295 G A 0 0 1 0 0 0 1 0 0 0 1 0 2 0 0 0 1 0 0 1
chr1 rs384111593 559385 A G 0 0 0 0 0 0 0 0 0 1 0 0 2 0 1 0 2 0 0 0
chr1 rs378805755 559398 G A 0 0 0 0 0 0 0 0 0 1 0 0 2 0 1 0 2 0 1 0
chr1 rs383124549 559665 A C 1 0 1 1 0 0 0 0 0 0 1 0 0 0 0 0 1 0 0 1
chr1 rs208151445 559748 A G 3 0 0 0 0 0 1 0 0 1 0 0 1 0 0 0 1 0 2 0
chr1 rs110363182 559926 A T 0 0 0 0 0 0 0 0 0 0 0 1 0 0 1 0 1 0 0 2
chr1 rs385792079 560858 G A 1 0 1 0 0 0 0 0 0 0 0 0 0 0 0 0 3 0 0 0
chr1 rs109136797 561001 G A 0 3 0 0 0 0 0 1 0 2 0 1 0 0 2 0 0 1 0 0
chr1 rs109361620 561054 A G 0 3 0 1 0 0 1 0 0 0 0 0 0 0 5 0 0 0 0 1
chr1 rs110148672 561072 T C 0 1 0 1 0 0 1 0 0 1 0 0 0 0 6 0 0 0 0 1
chr1 rs110712936 561237 G A 0 0 0 2 0 0 0 0 0 0 0 1 0 0 0 0 2 2 0 2
chr1 rs110866380 561294 G A 1 3 0 1 0 0 1 0 0 2 0 0 0 0 0 0 1 0 0 3
chr1 rs383191030 561297 A C 4 0 1 1 0 0 1 0 2 0 0 0 0 0 0 0 0 0 1 2
chr1 rs109812835 561346 A G 0 1 0 2 0 0 0 0 0 2 0 0 0 0 0 0 1 2 0 1
chr1 rs110552571 561374 G A 0 1 0 0 0 0 0 0 0 0 0 0 0 2 0 0 1 1 0 3
chr1 rs135626874 561418 G A 0 2 0 2 0 0 0 0 0 2 0 1 0 2 2 0 0 0 0 2
chr1 rs134232731 561442 G T 0 2 0 2 0 0 0 0 0 2 0 2 0 0 2 0 0 0 0 0
chr1 rs110295081 561711 T C 2 0 0 0 0 0 0 0 0 0 0 0 0 2 2 0 0 2 0 0
chr1 rs110776362 561742 T C 0 2 0 0 0 0 0 0 0 0 0 0 0 2 0 2 0 1 0 1
chr1 rs136693222 561843 C T 1 0 0 0 0 0 1 0 0 0 0 0 0 1 0 0 0 0 0 0
chr1 rs135259982 561844 A G 1 0 0 0 0 0 1 0 0 0 0 0 0 1 0 0 0 0 0 0
chr1 rs386089915 562154 A T 2 0 0 1 0 0 0 0 0 0 1 0 1 0 2 0 0 0 0 1
chr1 rs380549180 562282 A G 0 0 0 0 0 0 0 0 1 0 0 0 0 0 0 0 2 0 0 0
chr1 rs109435678 562283 T C 0 0 0 0 0 0 0 0 0 1 0 0 0 0 0 0 1 1 0 0
chr1 rs110547003 562643 G C 1 1 0 0 0 0 0 0 0 0 0 0 0 0 0 0 0 0 0 1
chr1 rs109960077 562646 A C 1 1 1 0 0 0 0 0 0 0 0 0 0 0 0 0 0 0 0 1
chr1 rs381375015 562739 G A 0 0 0 0 1 0 0 0 0 0 0 0 0 0 0 0 0 0 1 1
chr1 rs383835383 562860 C G 0 0 2 0 0 0 0 0 0 0 0 0 0 0 2 0 0 0 0 0
chr1 rs137260686 562861 G A 0 0 0 2 0 0 0 0 0 0 0 0 0 0 2 0 0 0 0 0
chr1 rs110028405 563160 T C 1 1 0 0 0 0 1 0 0 0 0 1 0 0 2 0 2 1 0 1
chr1 rs110250845 563182 A G 1 1 0 0 0 0 1 1 0 0 0 1 0 1 1 0 1 1 0 2
chr1 rs379738962 563196 C T 1 0 0 0 0 0 2 0 0 0 1 0 1 0 1 0 2 0 0 2
chr1 rs209774243 563254 C A 0 0 0 1 0 0 2 0 0 0 1 0 1 0 1 0 0 0 2 0
chr1 rs207980653 563428 G T 0 0 2 0 0 0 0 0 2 1 1 0 1 0 0 0 2 0 0 0
chr1 rs109019213 563809 A G 0 1 0 0 0 0 0 1 0 0 0 1 0 0 0 0 0 1 1 0
chr1 rs110473498 563818 C T 0 0 0 0 0 0 0 1 0 0 0 1 0 0 0 0 0 2 0 1
chr1 rs208126096 564235 C T 0 0 0 0 0 0 0 0 0 0 1 0 1 0 1 0 0 0 0 0
chr1 rs383484829 564672 C T 0 0 0 1 0 0 0 0 0 0 1 0 0 0 0 0 1 0 0 1
chr1 rs109678299 564861 C A 0 0 1 2 0 0 0 0 0 0 0 3 0 2 1 0 0 0 0 0
chr1 rs109004381 565100 T G 2 0 0 1 0 0 0 0 0 1 0 1 0 0 1 0 0 1 0 0
chr1 rs109489865 565127 G C 2 0 0 1 0 0 0 0 0 1 0 0 0 0 2 0 0 2 0 0
chr1 rs110939359 565136 G A 2 0 0 1 0 0 0 0 0 1 0 0 0 0 2 0 0 2 0 0
chr1 rs110319823 565524 T C 2 1 0 0 0 0 0 0 0 0 0 2 0 0 1 0 2 0 0 2
chr1 rs110037642 565536 A T 1 0 0 0 0 0 0 0 0 1 0 2 0 0 1 0 2 0 0 2
chr1 rs110945178 566271 G C 0 0 0 1 1 0 0 0 0 2 0 2 0 0 1 0 0 1 0 1
chr1 rs110910900 566493 T C 1 0 0 0 0 0 0 0 0 1 0 2 0 2 2 0 0 1 1 0
chr1 rs109234623 567542 T C 2 1 0 0 0 1 0 0 1 0 0 0 0 0 0 0 0 0 0 2
chr1 rs110870270 568267 G C 1 0 0 1 0 0 0 2 0 1 0 1 0 0 0 0 3 0 0 1
chr1 rs110037652 568273 A T 1 0 1 0 0 0 0 2 1 0 0 2 0 0 0 0 3 0 1 0
chr1 rs134609758 568366 A G 1 1 0 1 0 0 0 2 1 1 0 2 0 0 2 0 0 1 1 0
chr1 rs110046822 568381 T C 2 1 0 1 0 0 0 1 0 3 0 2 0 0 2 0 0 1 0 1
chr1 rs109593394 568438 C T 0 0 1 0 0 0 0 1 1 0 0 1 0 0 1 0 0 0 1 0
chr1 rs109743994 568644 G A 1 0 0 0 0 0 1 0 1 0 0 0 0 1 0 0 1 1 0 0
chr1 rs109611612 568651 C T 1 0 0 0 0 0 1 0 1 0 0 0 0 1 0 0 1 0 0 0
chr1 rs110513448 568771 G A 0 0 0 0 0 0 0 0 1 0 0 1 0 0 1 0 0 0 0 0
chr1 rs110030442 568772 C T 0 0 1 0 0 0 0 0 1 0 0 1 0 0 1 0 0 0 0 0
chr1 rs378684283 568798 T C 1 0 0 1 0 0 0 0 0 0 2 0 0 0 1 0 1 0 0 1
chr1 rs110227530 568832 T C 0 0 1 0 0 0 0 0 0 0 0 2 0 0 0 0 0 1 1 0
chr1 rs109606874 569103 C T 1 1 0 1 0 0 0 0 0 0 0 1 0 2 1 0 0 0 1 1
chr1 rs110704212 569108 A G 1 1 0 0 0 0 0 0 0 0 0 1 0 2 1 0 1 0 1 1
chr1 rs381275798 569330 A G 2 0 1 0 0 0 0 0 0 0 1 0 1 0 1 0 1 0 1 1
chr1 rs379807139 569739 T A 3 0 0 0 0 0 1 0 0 0 0 0 0 0 0 0 1 0 0 0
chr1 rs385921855 569834 G A 2 0 0 0 0 0 0 0 0 0 1 0 0 0 1 0 1 0 1 2
chr1 rs384725306 570169 C G 0 0 0 1 0 0 2 1 0 1 0 1 0 0 0 0 0 0 0 1
chr1 rs378390345 570450 C G 2 0 3 0 0 0 0 0 0 0 1 0 1 0 2 0 1 0 1 1
chr1 rs211682135 570657 C T 1 0 0 0 0 0 0 0 1 0 2 0 0 0 1 0 0 0 2 0
chr1 rs110278700 571368 T C 1 0 0 0 0 0 0 0 0 0 0 1 0 0 1 0 1 0 3 0
chr1 rs207856785 571959 A C 2 0 0 0 0 0 0 0 0 0 1 0 1 0 2 0 2 0 0 1
chr1 rs383235975 572025 C T 0 0 0 1 0 0 1 0 1 0 2 0 0 0 2 0 0 0 0 1
