chr1        6665 G      A      0 0 0 0 0 0 0 0 0 0
chr1        9149 G      A      0 0 0 1 1 0 0 1 0 1
chr1       13812 T      C      1 1 0 1 1 0 0 0 1 1
chr1       29575 C      G      0 0 0 0 0 0 0 1 0 0
chr1       31490 T      C      0 0 0 0 0 0 0 1 0 0
chr1       33632 C      T      0 0 0 0 0 0 0 1 0 0
chr1       35740 T      A      1 1 1 1 1 2 1 0 1 2
chr1       35742 C      G      1 1 1 1 1 2 1 0 1 2
chr1       36011 G      A      0 0 0 0 0 0 0 1 0 0
chr1       36183 T      C      0 0 0 0 0 0 0 1 0 0
chr1       36337 G      A      1 1 1 1 1 2 1 1 1 2
chr1       36440 A      G      1 1 1 1 1 2 1 1 1 2
chr1       37222 G      C      1 1 1 1 1 2 1 0 1 2
chr1       37348 G      T      1 1 1 1 1 2 0 0 1 2
chr1       37410 C      T      0 0 0 0 0 0 0 1 0 0
chr1       37689 T      C      1 1 1 1 1 2 1 0 1 2
chr1       37888 A      G      1 1 1 1 1 2 1 0 1 2
chr1       38055 G      A      1 1 1 1 1 2 1 0 1 2
chr1       38070 A      T      1 1 1 1 1 2 1 0 1 2
chr1       38266 A      T      1 1 1 1 1 2 1 0 1 2
chr1       38305 C      T      1 1 1 1 1 2 1 0 1 2
chr1       38308 C      T      1 1 1 1 1 2 1 0 1 2
chr1       38336 A      G      1 1 1 1 1 2 1 0 1 2
chr1       38387 T      A      1 1 1 1 1 2 1 1 1 2
chr1       38493 T      A      1 1 1 1 1 2 1 0 1 2
chr1       38553 A      G      1 1 1 1 1 2 1 0 1 2
chr1       44556 C      G      0 0 0 0 0 0 0 0 0 0
chr1       49019 T      G      0 1 0 1 1 0 0 0 1 0
chr1       49171 C      G      0 1 0 1 1 0 0 0 1 0
chr1       50889 G      A      0 0 0 0 0 0 0 0 0 0
chr1       53224 A      G      0 0 0 0 0 0 1 0 0 0
chr1       78655 G      A      1 1 1 1 1 2 1 1 1 1
chr1       78756 G      C      0 0 0 0 0 0 0 1 0 0
chr1       79628 C      T      1 1 1 1 1 2 1 0 1 2
chr1       79639 T      G      0 0 0 0 0 0 0 1 0 0
chr1       79732 T      A      0 0 0 0 0 0 0 1 0 0
chr1       80199 C      T      0 0 0 0 0 0 0 1 0 0
chr1       80795 A      G      1 1 1 1 1 2 1 1 1 2
chr1       80825 A      G      0 0 0 0 0 0 0 1 0 0
chr1       80913 T      C      0 0 0 0 0 0 0 1 0 0
chr1       81010 A      G      0 0 0 0 0 0 0 1 0 0
chr1       81244 C      T      0 0 0 0 0 0 0 1 0 0
chr1       81404 A      G      0 0 0 0 0 0 0 1 0 0
chr1       81435 G      A      0 0 0 0 0 0 0 1 0 0
chr1       81612 G      A      0 0 0 0 0 0 0 1 0 0
chr1       81725 T      C      0 0 0 0 0 0 0 1 0 0
chr1       81763 T      C      0 0 0 0 0 0 0 1 0 0
chr1       81838 G      A      0 0 0 0 0 1 0 1 0 0
chr1       82106 G      A      1 1 1 1 1 2 1 1 1 2
chr1       82370 T      C      1 1 1 1 1 2 1 1 1 2
chr1       82590 G      A      0 0 0 0 0 0 0 1 0 0
chr1       82636 A      G      0 0 0 0 0 0 0 1 0 0
chr1       82716 G      C      1 1 1 1 1 2 1 0 1 2
chr1       82767 G      A      1 1 1 1 1 2 1 0 1 2
chr1       83064 C      T      0 0 0 0 0 0 0 1 0 0
chr1       83226 A      G      0 0 0 0 0 0 0 1 0 0
chr1       83618 C      T      0 0 0 0 0 0 0 1 0 0
chr1       83838 T      C      0 0 0 0 0 0 0 1 0 0
chr1       83878 A      G      0 0 0 0 0 0 0 1 0 0
chr1       84084 T      C      1 1 1 1 1 2 1 0 1 2
chr1       87315 C      T      1 1 1 1 1 2 1 0 1 2
chr1       87704 A      C      1 1 1 1 1 2 1 0 1 2
chr1       87796 A      C      1 1 1 1 1 2 1 0 1 2
chr1       87829 T      C      1 1 1 1 1 2 1 0 1 1
chr1       87856 A      G      1 1 1 1 1 2 1 0 1 2
chr1       88112 C      G      1 1 1 1 1 2 1 0 1 2
chr1       88130 T      C      1 1 1 1 1 2 1 0 1 2
chr1       88216 C      T      1 1 1 1 1 2 1 0 1 2
chr1       88580 T      C      1 1 1 1 1 2 1 0 1 2
chr1       88592 G      C      1 1 1 1 1 2 1 0 1 2
chr1       88601 A      G      1 1 1 1 1 2 1 0 1 2
chr1       88743 A      G      1 1 1 1 1 2 1 1 1 2
chr1       88981 A      G      1 1 1 1 1 2 1 0 1 2
chr1       89059 G      C      1 1 1 1 1 2 1 0 1 2
chr1       89101 C      A      1 1 1 1 1 2 1 0 1 2
chr1       89443 A      G      1 1 1 1 1 2 1 0 1 2
chr1       89514 T      A      1 1 1 1 1 2 1 0 1 2
chr1       89523 T      C      1 1 1 1 1 2 1 0 1 2
chr1       89819 T      G      1 1 1 1 1 2 1 0 1 2
chr1       89821 G      T      1 1 1 1 1 2 1 0 1 2
chr1       89844 A      G      1 1 1 1 1 2 1 0 1 2
chr1       89912 T      C      1 1 1 1 1 2 1 0 1 2
chr1       89962 C      T      1 1 1 1 1 2 1 0 1 2
chr1       90020 T      C      1 1 1 1 1 2 1 0 1 2
chr1       90101 A      G      1 1 1 1 1 2 1 1 1 2
chr1       92716 T      A      1 1 1 1 1 2 1 0 1 2
chr1       92779 C      T      0 1 1 1 1 2 1 0 1 2
chr1       95651 C      T      1 1 1 1 1 2 1 0 1 1
chr1       96741 C      T      1 1 1 1 1 2 1 0 1 2
chr1       96773 C      T      1 1 1 1 1 2 1 0 1 2
chr1       96809 G      A      1 1 1 1 1 2 1 0 1 2
chr1       96872 G      A      1 1 1 1 1 2 1 0 1 2
chr1       97974 G      A      1 1 1 1 1 2 1 0 1 2
chr1       98217 G      A      0 1 0 1 1 0 0 0 1 0
chr1       98626 A      G      1 2 2 2 2 2 2 1 2 2
chr1       99083 G      C      1 1 1 1 1 2 1 0 1 2
chr1       99173 C      T      1 1 1 1 1 2 1 0 1 2
chr1       99368 C      T      1 1 1 1 1 2 1 0 1 2
chr1       99797 C      T      1 1 1 1 1 2 1 0 1 2
chr1       99832 T      A      0 0 0 0 0 0 0 0 0 0
chr1       99990 C      T      1 1 1 2 1 2 1 0 1 2
chr1      100260 T      C      1 1 1 1 1 2 1 0 1 2
chr1      101383 T      G      1 1 1 1 1 2 1 0 1 2
chr1      101532 T      C      1 1 1 1 1 2 1 0 1 2
chr1      102942 G      A      1 1 1 1 1 2 1 1 1 2
chr1      104073 C      A      1 1 1 1 1 2 1 1 1 2
chr1      105436 C      G      1 2 2 2 2 2 2 1 2 2
chr1      105810 C      T      1 1 1 1 1 2 1 0 1 2
chr1      105963 T      C      1 1 1 1 1 2 1 0 1 2
chr1      107297 G      T      1 1 1 1 1 2 1 0 1 2
chr1      107305 A      C      1 1 1 1 1 2 1 0 1 2
chr1      107333 C      A      1 1 1 1 1 2 1 0 1 2
chr1      107351 C      T      1 1 1 1 1 2 1 0 1 2
chr1      107655 A      T      1 1 1 1 1 2 1 1 1 2
chr1      107982 G      A      1 1 1 1 1 2 1 0 1 2
chr1      108219 T      A      1 2 2 2 2 2 2 1 2 2
chr1      109463 T      C      1 1 1 1 1 2 1 1 1 2
chr1      110555 T      C      0 0 1 0 0 0 1 0 0 0
chr1      111645 A      C      1 1 1 1 1 2 1 1 1 2
chr1      112929 A      T      1 1 1 1 1 2 1 0 1 2
chr1      114134 A      G      1 1 1 1 1 2 1 1 1 2
chr1      114603 C      T      1 1 1 1 1 2 1 1 1 2
chr1      114717 G      A      0 0 0 0 1 1 0 0 0 0
chr1      116086 C      T      0 1 1 1 1 0 1 0 1 0
chr1      116526 T      A      1 2 1 1 1 2 1 0 1 2
chr1      119827 T      A      0 1 1 1 0 0 1 0 1 0
chr1      119834 C      T      0 1 1 1 1 0 1 0 1 0
chr1      120183 T      G      0 1 1 1 1 0 1 0 1 0
chr1      120582 G      A      0 1 0 1 1 0 0 0 1 0
chr1      121198 G      A      0 0 1 0 0 0 1 0 0 0
chr1      121493 T      G      1 1 1 1 1 2 1 0 1 2
chr1      121634 A      G      1 1 1 1 1 2 1 0 1 2
chr1      121981 C      T      0 1 0 1 1 0 0 0 1 0
chr1      122245 C      A      0 0 0 0 0 0 0 0 0 0
chr1      123725 G      A      0 0 1 0 0 0 1 0 0 0
chr1      124021 G      A      0 1 1 1 1 0 1 0 1 0
chr1      125284 G      A      0 0 1 1 1 0 1 0 1 0
chr1      127840 C      T      0 0 0 1 0 0 0 0 1 0
chr1      128252 T      C      0 0 0 0 0 0 0 0 0 0
chr1      132255 A      G      0 0 0 0 1 1 0 0 0 0
chr1      132294 C      G      1 1 1 1 1 2 1 1 1 2
chr1      132491 T      C      1 1 1 1 1 2 1 0 1 2
chr1      133064 A      G      1 1 1 1 1 2 1 0 1 2
chr1      133298 T      C      0 0 1 0 0 0 1 0 0 0
chr1      134504 C      T      1 1 2 1 1 2 2 1 1 2
chr1      135098 A      G      1 1 1 1 1 2 1 1 1 2
chr1      144038 G      A      0 0 0 0 0 0 0 0 0 0
chr1      144638 G      A      1 2 2 2 2 2 2 1 2 2
chr1      145361 G      A      0 0 1 0 0 0 1 0 0 0
chr1      145432 C      T      1 1 1 1 1 2 1 1 1 2
chr1      145454 C      T      1 1 1 1 1 2 1 1 1 2
chr1      145826 T      A      0 0 0 0 0 0 0 0 0 0
chr1      146011 G      A      1 1 1 1 1 2 1 1 1 2
chr1      146514 C      A      1 1 1 1 1 2 1 1 1 2
chr1      146679 G      A      1 1 1 2 1 2 1 1 1 2
chr1      146736 C      T      1 1 1 1 1 2 1 1 1 2
chr1      147600 G      A      1 1 1 1 1 2 1 1 1 2
chr1      148179 T      G      1 1 1 1 1 2 1 1 1 2
chr1      148367 T      C      2 1 1 1 1 2 1 1 1 2
chr1      148390 G      A      1 1 1 1 1 2 1 1 2 2
chr1      148418 G      A      1 1 1 1 1 2 1 1 2 2
chr1      148435 C      A      1 1 1 1 1 2 1 1 1 2
chr1      148592 C      A      1 1 1 1 1 2 1 1 1 2
chr1      148771 T      C      1 1 1 1 1 2 1 1 1 2
chr1      148921 G      A      1 1 1 1 0 2 1 1 1 2
chr1      149067 T      C      1 1 1 1 1 2 1 1 1 2
chr1      149374 T      C      1 1 1 1 1 2 1 1 2 2
chr1      149423 G      A      1 1 1 1 1 2 1 1 1 2
chr1      149514 T      C      1 1 1 1 1 2 1 1 1 2
chr1      149772 C      A      1 1 1 1 1 2 1 1 1 2
chr1      149877 C      T      1 1 1 1 1 2 1 1 1 2
chr1      150057 G      A      1 1 1 1 1 2 1 0 1 2
chr1      151221 C      T      1 1 1 1 1 2 1 1 1 2
chr1      151230 C      T      1 2 1 1 1 2 1 1 1 2
chr1      152345 A      G      1 1 0 1 1 2 1 1 1 2
chr1      152374 C      T      1 1 1 1 1 2 1 1 1 2
chr1      153447 G      A      1 1 1 1 1 2 1 0 1 2
chr1      153929 C      T      1 1 1 1 1 2 1 1 1 2
chr1      153953 G      A      1 1 1 1 1 2 1 1 1 2
chr1      154123 G      A      1 1 1 1 1 2 1 1 1 2
chr1      154495 G      A      1 1 1 1 1 2 1 1 1 2
chr1      154543 T      G      1 1 1 1 1 2 1 1 1 2
chr1      155938 G      A      1 1 1 1 1 2 1 1 1 2
chr1      155994 T      C      1 1 1 1 1 2 1 1 1 2
chr1      156197 A      G      2 1 1 1 1 2 1 1 1 2
chr1      156224 G      A      1 2 2 2 2 2 2 1 2 2
chr1      156253 A      T      1 1 1 1 1 2 1 1 1 2
chr1      156502 T      G      1 1 1 1 1 2 1 1 1 2
chr1      156750 G      A      1 1 1 1 1 2 1 1 1 2
chr1      156811 C      A      1 1 1 1 1 2 1 1 1 2
chr1      156858 T      C      1 1 1 1 1 2 1 1 1 2
chr1      157003 A      G      1 1 1 1 1 2 1 1 1 2
chr1      157075 A      G      1 1 1 1 1 2 1 1 1 2
chr1      157126 A      G      1 1 1 1 1 2 1 1 1 2
chr1      157189 G      T      1 1 1 1 1 2 1 1 1 2
chr1      157220 G      A      1 1 1 1 1 2 1 1 1 2
chr1      157231 T      C      1 1 1 1 1 2 1 1 1 2
chr1      157275 A      G      1 1 1 1 1 2 1 1 1 2
chr1      157292 T      A      1 1 1 1 1 2 1 1 1 2
chr1      157332 T      C      1 1 1 1 1 2 1 1 1 2
chr1      157428 A      C      1 1 1 1 1 2 1 1 1 2
chr1      157584 A      G      1 1 1 1 1 2 1 1 1 2
chr1      157671 T      A      1 1 1 1 1 2 1 1 1 2
chr1      158544 A      T      1 1 1 1 1 2 1 1 1 2
chr1      158635 T      C      1 1 1 1 1 2 1 0 1 2
chr1      158820 T      C      1 1 1 1 1 2 1 1 1 2
chr1      159169 G      C      0 0 0 0 1 1 0 1 0 0
chr1      159183 G      A      0 0 0 0 1 1 0 1 0 0
chr1      159942 A      G      0 0 0 0 1 1 0 1 0 0
chr1      160007 A      G      0 0 0 0 1 1 0 1 0 0
chr1      160245 T      C      0 0 0 0 1 1 0 1 0 0
chr1      160272 G      A      0 0 0 0 1 1 0 1 0 0
chr1      160409 G      A      0 0 0 0 1 1 0 1 0 0
chr1      160437 A      G      0 0 0 0 1 1 0 1 0 0
chr1      160456 A      T      0 0 0 0 1 1 0 1 0 0
chr1      161204 A      G      1 2 2 2 2 2 2 0 2 2
chr1      163437 C      T      1 1 1 1 1 2 2 1 1 2
chr1      163652 C      T      1 1 1 1 1 2 1 0 1 2
chr1      163995 G      A      0 1 0 1 1 0 1 1 1 0
chr1      168869 T      C      1 2 1 2 2 2 2 1 2 2
chr1      168997 T      C      1 2 1 2 2 2 2 1 2 2
chr1      169084 C      T      1 2 1 2 2 2 1 0 2 2
chr1      169153 G      C      1 0 1 1 0 1 1 2 1 0
chr1      169456 C      A      0 0 1 0 0 0 2 0 0 1
chr1      169597 G      C      0 0 0 0 0 0 1 0 0 0
chr1      169793 C      G      0 0 1 1 1 1 2 0 1 0
chr1      169821 C      A      2 1 2 1 0 1 1 2 1 1
chr1      170631 T      G      0 0 0 0 1 0 2 0 1 0
chr1      171102 T      C      0 1 0 0 1 0 0 1 0 0
chr1      171149 C      G      2 2 2 1 1 2 0 2 0 2
chr1      171487 G      A      2 2 2 1 1 2 0 2 0 2
chr1      171725 T      C      0 1 0 0 1 0 0 1 0 1
chr1      171810 A      C      0 0 0 0 0 0 0 0 0 1
chr1      174324 T      C      1 1 1 1 0 1 0 0 0 1
chr1      174617 C      T      0 0 0 0 0 0 1 0 0 0
chr1      176298 A      C      2 2 2 1 1 2 0 2 0 2
chr1      176831 C      T      1 1 1 1 0 1 0 0 0 1
chr1      176891 A      G      1 1 1 1 0 1 0 0 0 1
chr1      177632 G      T      0 0 1 0 0 0 0 0 0 0
chr1      178100 G      C      2 1 2 1 0 1 0 1 0 1
chr1      180478 G      A      0 0 1 0 0 0 0 0 0 0
chr1      181180 G      T      2 2 2 1 1 2 0 2 0 2
chr1      182193 T      C      0 1 0 0 1 0 0 0 0 1
chr1      183040 C      T      2 2 2 1 1 2 0 2 0 2
chr1      184046 A      C      0 0 1 0 0 0 0 0 0 0
chr1      186523 G      T      1 1 1 1 1 1 0 0 0 1
chr1      189139 T      A      2 2 2 1 1 2 0 2 0 2
chr1      192413 G      A      0 0 1 0 0 0 0 0 0 0
chr1      193414 A      G      0 0 0 0 0 0 0 0 0 0
chr1      194962 C      A      2 1 2 1 0 2 0 1 0 1
chr1      199238 C      T      0 1 0 0 1 0 0 0 0 1
chr1      199358 G      T      0 1 0 0 1 0 0 0 0 1
chr1      200278 A      G      2 2 2 1 1 2 0 2 0 2
chr1      202360 C      T      1 1 1 1 0 1 0 0 0 1
chr1      204667 A      C      2 2 2 2 1 2 0 2 1 2
chr1      206240 C      G      2 2 2 2 1 2 0 2 1 2
chr1      206350 G      A      2 2 2 2 1 2 0 2 1 2
chr1      206377 G      C      2 2 2 2 1 2 0 2 1 2
chr1      206470 C      T      2 2 2 2 1 2 0 2 1 2
chr1      206771 G      A      0 0 1 0 0 0 0 0 0 1
chr1      206809 T      C      2 2 2 2 1 2 0 2 1 2
chr1      207098 T      C      2 2 2 2 1 2 0 2 1 2
chr1      207429 C      T      0 1 0 0 1 0 0 0 0 1
chr1      207956 A      G      0 0 1 0 0 0 0 0 0 0
chr1      208015 G      A      2 2 2 2 1 2 0 2 1 2
chr1      208064 C      T      0 0 0 1 0 0 0 1 1 0
chr1      208728 G      A      2 2 2 1 1 1 0 1 0 2
chr1      209132 T      C      2 2 2 2 1 2 0 2 1 2
chr1      209335 A      G      2 2 2 2 1 2 0 2 1 2
chr1      209579 T      G      1 0 0 0 0 0 0 1 0 0
chr1      209695 C      T      0 0 0 1 0 0 0 1 1 0
chr1      210022 T      A      0 0 0 1 0 0 0 1 1 0
chr1      210023 G      A      0 0 0 1 0 0 0 1 1 0
chr1      210108 A      G      2 2 2 2 1 2 0 2 1 2
chr1      210290 T      C      2 2 2 2 1 2 0 2 1 2
chr1      211425 C      T      0 0 0 0 0 0 1 0 0 0
chr1      215250 C      T      1 0 0 0 0 0 0 1 0 0
chr1      215381 T      C      2 1 2 1 0 2 0 1 0 1
chr1      218271 T      C      2 2 2 2 1 2 0 2 1 2
chr1      218685 A      G      0 0 0 1 0 0 0 1 1 0
chr1      221011 A      G      2 2 2 2 1 2 0 2 1 2
chr1      222694 A      G      2 2 2 2 1 2 0 2 1 2
chr1      229172 G      A      2 2 2 2 1 2 0 2 1 2
chr1      230472 G      A      0 0 1 0 0 0 0 0 0 0
chr1      231474 T      G      0 0 0 1 0 0 0 0 1 0
chr1      231570 G      A      0 0 0 1 0 0 0 0 1 0
chr1      231685 G      A      2 2 2 2 1 2 0 2 1 2
chr1      232468 T      C      2 2 2 1 1 1 0 2 0 2
chr1      232695 T      C      1 0 0 0 0 0 0 2 0 0
chr1      232696 G      A      1 0 0 0 0 0 0 2 0 0
chr1      232702 G      A      1 0 0 0 0 0 0 2 0 0
chr1      233336 A      G      1 1 1 1 0 1 0 0 0 1
chr1      233425 A      C      1 1 1 1 0 1 0 0 0 1
chr1      233860 A      G      1 0 0 0 0 0 0 1 0 0
chr1      240452 C      G      1 1 1 1 0 1 0 0 0 1
chr1      242182 C      T      2 2 2 1 1 1 0 1 0 1
chr1      242821 T      G      2 2 2 1 1 2 0 2 0 2
chr1      245489 C      T      0 1 0 0 1 0 0 0 0 0
chr1      245601 C      T      0 0 0 0 0 0 0 0 0 1
chr1      246131 T      C      1 0 0 0 0 0 0 2 0 0
chr1      246448 C      A      0 0 0 0 0 0 1 0 1 0
chr1      246815 A      G      1 0 0 0 0 0 0 1 0 0
chr1      247245 G      C      0 0 1 1 0 0 0 0 1 0
chr1      248413 G      A      0 1 0 0 1 0 0 0 0 0
chr1      250819 G      A      0 0 0 0 0 1 0 0 0 1
chr1      251087 T      C      0 0 0 0 0 0 0 0 0 0
chr1      251759 G      A      0 0 0 0 0 0 0 0 0 0
chr1      252078 C      T      1 0 0 0 0 0 0 1 0 0
chr1      252291 G      A      0 0 0 0 0 1 0 0 0 1
chr1      252907 G      A      1 0 0 0 0 0 0 1 0 0
chr1      253589 T      A      0 0 0 0 0 0 1 0 1 0
chr1      257734 G      A      2 2 1 1 1 2 0 2 0 2
chr1      258866 G      A      2 2 1 1 1 1 0 2 0 1
chr1      259993 G      A      1 0 0 0 0 0 0 1 0 0
chr1      260275 T      C      2 2 1 1 1 2 0 2 0 2
chr1      260393 C      T      1 0 0 0 0 0 0 1 0 0
chr1      261288 C      T      1 0 0 0 0 0 0 1 0 0
chr1      261371 T      C      1 0 0 0 0 0 0 1 0 0
chr1      262077 G      A      1 0 0 0 0 0 0 1 0 0
chr1      262988 T      C      1 0 0 0 0 0 0 1 0 0
chr1      263559 T      G      0 0 1 1 0 0 0 0 1 0
chr1      263701 C      T      0 0 0 0 0 1 0 0 0 1
chr1      263733 T      C      1 0 0 0 0 0 0 1 0 0
chr1      267120 G      A      0 0 0 0 0 0 1 0 0 1
chr1      267318 G      A      0 0 0 0 0 0 0 0 0 0
chr1      267620 G      A      2 1 1 1 0 2 0 2 0 2
chr1      267940 C      T      1 0 0 0 0 0 0 1 0 0
chr1      268124 G      A      0 0 0 0 0 0 0 0 0 1
chr1      268599 G      A      0 0 0 0 0 0 0 0 0 0
chr1      268923 C      T      0 0 0 0 0 0 0 0 0 0
chr1      269009 C      T      1 0 0 0 0 0 0 1 0 0
chr1      269075 A      G      2 1 1 1 0 2 0 2 0 2
chr1      269909 A      T      2 1 2 2 0 2 0 2 1 2
chr1      270139 C      T      1 0 0 0 0 0 0 1 0 0
chr1      270173 G      A      2 1 2 2 0 2 0 2 1 2
chr1      270559 C      T      0 0 0 0 0 0 0 0 0 1
chr1      271339 C      T      1 0 0 1 0 0 0 1 0 0
chr1      272415 G      C      1 0 0 0 0 0 0 1 0 0
chr1      272698 G      T      0 0 0 0 0 0 0 0 0 1
chr1      273491 G      C      0 0 0 0 0 0 0 0 0 1
chr1      274990 G      A      0 1 0 0 1 0 0 0 0 0
chr1      275440 A      T      0 0 0 0 0 0 0 2 0 1
chr1      275745 G      A      0 0 0 0 0 0 0 0 0 0
chr1      275805 A      C      1 0 0 0 0 0 0 1 0 0
chr1      276094 T      G      2 1 1 1 0 2 0 2 0 2
chr1      277691 T      G      2 1 1 1 0 2 0 1 0 1
chr1      278086 T      G      2 1 2 2 0 2 0 2 1 2
chr1      278554 C      T      1 0 0 0 0 0 0 1 0 0
chr1      278624 A      G      2 1 1 1 0 2 0 2 0 2
chr1      278952 A      G      2 1 1 1 0 2 0 2 0 1
chr1      279373 G      A      1 0 0 0 0 0 0 1 0 0
chr1      281389 G      A      1 0 0 0 0 0 0 1 0 0
chr1      282391 G      T      1 0 0 0 0 0 0 1 0 0
chr1      282438 A      G      0 0 0 0 0 0 0 0 0 0
chr1      283369 C      T      0 0 0 0 0 0 0 0 0 1
chr1      283797 T      G      1 0 0 0 0 0 0 1 0 0
chr1      284255 A      G      1 0 0 0 0 0 0 1 0 0
chr1      284622 A      C      1 0 0 0 0 0 0 2 0 0
chr1      286346 C      T      1 1 1 1 0 2 0 1 0 1
chr1      286565 G      A      1 0 0 0 0 0 0 1 0 0
chr1      287094 T      C      2 1 1 1 0 2 0 2 0 1
chr1      287119 A      G      0 1 0 0 1 0 0 0 0 0
chr1      290136 T      C      2 1 1 1 0 2 0 2 0 1
chr1      290690 G      A      2 1 1 1 0 2 0 2 0 2
chr1      291802 A      G      2 1 1 1 0 2 0 2 0 1
chr1      292425 T      C      2 1 1 1 0 2 0 1 0 1
chr1      293574 T      C      2 1 1 1 0 2 0 1 0 1
chr1      293732 A      G      2 1 1 1 0 2 0 1 0 1
chr1      294671 C      T      2 1 2 2 0 2 0 1 1 1
chr1      296520 G      A      0 0 0 0 0 0 1 0 1 0
chr1      302865 A      G      2 1 1 1 0 2 0 1 0 1
chr1      303536 G      C      2 1 1 1 0 2 0 1 0 1
chr1      303791 C      T      2 1 1 1 0 2 0 1 0 1
chr1      304231 T      C      2 1 1 1 0 2 0 1 0 1
chr1      304296 A      C      0 0 0 0 0 0 0 1 0 1
chr1      304867 C      T      0 0 0 0 0 0 0 0 0 0
chr1      305838 C      T      0 0 0 0 0 0 0 0 0 0
chr1      307211 A      G      2 1 2 2 0 2 0 1 1 1
chr1      307940 T      C      0 0 0 0 0 0 0 0 0 0
chr1      309131 C      T      0 0 1 1 0 0 0 0 1 0
chr1      309755 G      A      0 0 0 0 0 0 0 1 0 0
chr1      310309 A      T      0 1 0 0 1 0 0 1 0 1
chr1      310394 C      T      0 1 0 0 1 0 0 1 0 1
chr1      310402 T      C      0 1 0 0 1 0 0 1 0 1
chr1      310407 G      C      0 1 0 0 1 0 0 1 0 1
chr1      310435 A      G      0 1 0 0 1 0 0 1 0 1
chr1      310795 T      C      2 1 1 1 0 1 1 1 1 1
chr1      310965 T      C      0 0 0 0 0 0 0 0 0 0
chr1      311021 G      A      0 1 0 0 1 0 0 1 0 1
chr1      311031 T      C      0 1 0 0 1 0 0 1 0 1
chr1      311245 A      G      0 0 0 0 0 0 0 0 0 0
chr1      311651 A      C      0 0 0 0 0 0 0 0 0 0
chr1      312183 C      T      0 1 0 0 1 0 0 1 0 1
chr1      312409 T      C      0 1 0 0 1 0 0 0 0 1
chr1      312739 C      T      0 1 0 0 1 0 0 1 0 1
chr1      312755 C      T      2 1 1 1 0 1 1 1 1 1
chr1      313049 C      G      0 0 0 0 0 0 0 0 0 0
chr1      313245 C      T      0 1 0 0 1 0 0 1 0 1
chr1      314503 G      T      0 1 0 0 1 0 0 1 0 1
chr1      314628 G      A      0 1 0 0 1 0 0 1 0 1
chr1      315746 G      A      0 0 0 0 0 0 0 0 0 0
chr1      316238 A      G      0 1 0 0 1 0 0 0 0 1
chr1      316320 A      G      0 0 0 0 0 0 0 0 0 0
chr1      317646 G      A      0 0 0 0 0 0 0 0 0 0
chr1      318034 C      T      0 0 0 0 0 0 0 0 0 0
chr1      318094 A      G      0 0 0 0 0 0 0 0 0 0
chr1      318205 G      A      0 0 0 0 0 0 0 0 0 0
chr1      318376 A      G      0 0 0 0 0 0 0 0 0 0
chr1      318797 C      T      0 0 0 0 0 0 0 0 0 0
chr1      319372 C      A      1 0 1 1 0 1 1 1 2 0
chr1      319398 A      G      2 2 2 2 1 2 1 2 2 2
chr1      320688 C      T      0 0 0 0 0 0 0 0 0 0
chr1      320847 G      A      0 0 0 0 0 0 0 0 0 0
chr1      320938 A      G      0 0 0 0 0 0 0 0 0 0
chr1      320951 T      C      0 0 0 0 0 0 0 0 0 0
chr1      321377 A      G      0 0 1 1 0 1 0 0 1 0
chr1      321408 G      A      0 0 0 0 0 0 0 0 0 0
chr1      321507 C      T      0 0 0 0 0 0 0 0 0 0
chr1      321727 T      C      0 0 0 0 0 0 0 0 0 0
chr1      322093 G      A      0 1 0 0 1 0 0 0 0 1
chr1      322182 T      C      0 0 1 1 0 1 0 0 1 0
chr1      322205 G      C      0 1 0 0 1 0 0 0 0 1
chr1      322229 G      A      0 1 0 0 1 0 0 0 0 1
chr1      322646 T      C      0 0 0 0 0 0 0 0 0 0
chr1      323668 T      C      2 1 1 1 0 1 1 2 1 1
chr1      324196 C      G      2 2 1 1 1 1 1 2 1 2
chr1      326466 A      G      2 1 1 1 0 1 1 2 1 1
chr1      326700 G      A      1 0 0 0 0 0 1 2 1 0
chr1      326894 T      C      2 1 1 1 0 1 1 2 1 1
chr1      326955 T      C      2 1 1 1 0 1 1 2 1 1
chr1      327279 A      G      2 1 1 1 0 1 1 2 1 1
chr1      327597 G      A      0 0 0 0 0 0 0 0 0 0
chr1      327645 T      G      0 1 0 0 1 0 0 0 0 1
chr1      327921 A      G      0 0 0 0 0 0 0 0 0 0
chr1      327959 G      A      2 1 1 1 0 1 1 2 1 1
chr1      328409 A      G      2 1 1 1 0 1 1 2 1 1
chr1      328628 T      C      0 1 0 0 1 0 0 0 0 1
chr1      328970 C      T      2 1 1 1 0 1 1 2 1 1
chr1      328982 A      C      2 2 1 1 1 1 1 2 1 2
chr1      328984 A      T      2 2 1 1 1 1 1 2 1 2
chr1      329448 G      A      0 1 0 0 1 0 0 0 0 1
chr1      329645 T      C      2 1 1 1 0 1 1 2 1 1
chr1      329866 G      A      2 1 1 1 0 1 1 2 1 1
chr1      330319 T      G      0 0 0 0 0 0 0 0 0 0
chr1      330478 C      T      0 0 0 0 0 1 0 0 0 0
chr1      330543 A      G      2 1 1 1 0 1 1 2 1 1
chr1      332002 C      T      2 1 1 1 0 1 1 2 1 1
chr1      332385 C      T      2 1 1 1 0 1 1 2 1 1
chr1      332471 A      G      2 1 1 1 0 1 1 2 1 1
chr1      332608 G      A      2 1 1 1 0 1 1 2 1 1
chr1      332667 C      T      2 1 0 1 0 1 1 2 1 1
chr1      332898 T      C      2 1 1 1 0 1 1 2 1 1
chr1      333256 T      C      2 1 1 1 0 1 1 2 1 1
chr1      333631 T      G      0 0 1 1 0 0 0 0 1 0
chr1      333885 T      C      2 1 2 2 0 1 1 2 2 1
chr1      334185 G      A      0 0 1 1 0 0 0 0 1 0
chr1      334280 C      A      2 1 1 1 0 1 1 2 1 1
chr1      334317 A      G      0 0 1 1 0 0 0 0 1 0
chr1      334794 A      G      0 0 1 1 0 0 0 0 1 0
chr1      335030 C      T      0 0 0 0 0 1 0 0 0 0
chr1      335620 A      G      0 0 0 0 0 0 0 0 0 0
chr1      336946 G      A      0 1 0 0 1 0 0 0 0 1
chr1      338780 G      A      0 0 1 1 0 0 0 0 1 0
chr1      340974 T      C      0 0 1 1 0 0 0 0 1 0
chr1      341003 C      T      0 0 1 1 0 0 0 0 1 0
chr1      341232 G      T      0 0 1 1 0 0 0 0 1 0
chr1      341770 G      A      2 1 2 2 0 2 1 2 2 1
chr1      341895 G      A      0 1 0 0 1 0 0 0 0 1
chr1      342716 C      T      0 0 0 0 0 1 0 0 0 0
chr1      342923 T      C      2 1 2 2 0 2 1 2 2 1
chr1      344051 T      C      0 0 0 0 0 1 0 0 0 0
chr1      344900 G      T      0 0 0 0 0 1 0 0 0 0
chr1      344975 G      T      2 1 2 2 0 2 1 2 2 1
chr1      346447 G      C      1 0 0 0 0 0 1 1 1 0
chr1      346503 C      G      0 0 0 0 0 0 0 0 0 0
chr1      347418 T      C      2 1 2 2 0 2 1 2 2 1
chr1      347791 A      G      2 1 2 2 0 2 1 2 2 1
chr1      347857 C      T      0 1 0 0 2 0 1 0 0 1
chr1      348065 A      T      2 1 2 2 0 2 1 2 2 1
chr1      348229 C      T      2 1 2 2 0 2 1 2 2 1
chr1      348331 C      A      2 1 2 2 0 2 1 2 2 1
chr1      348472 G      A      2 1 2 2 0 2 1 2 2 0
chr1      348486 T      G      2 1 2 2 0 2 1 2 2 0
chr1      348488 T      G      2 1 2 2 0 2 1 2 2 0
chr1      348795 A      G      2 1 2 2 0 2 1 2 2 1
chr1      349187 T      G      2 1 2 2 0 2 1 2 2 1
chr1      349873 G      A      2 1 1 1 0 1 1 2 1 1
chr1      350021 A      G      2 1 2 2 0 2 1 2 2 1
chr1      350063 G      A      0 0 0 0 0 0 0 0 0 0
chr1      350101 A      G      2 1 2 2 0 2 1 2 2 1
chr1      350955 G      A      2 1 2 2 0 2 1 2 2 1
chr1      351236 T      C      2 1 2 2 0 2 1 2 2 1
chr1      351516 T      G      2 1 2 2 0 2 1 2 2 1
chr1      351617 G      A      2 1 1 1 0 1 1 2 1 1
chr1      352569 C      T      0 0 0 0 0 0 0 0 0 0
chr1      353349 A      G      2 1 2 2 0 2 1 2 2 1
chr1      353369 C      T      2 1 2 2 0 2 1 2 2 1
chr1      353608 G      A      2 1 2 2 0 2 1 2 2 1
chr1      354354 C      T      0 0 1 1 0 1 0 0 1 0
chr1      354622 G      A      2 1 2 2 0 2 1 2 2 1
chr1      354759 A      G      2 1 2 2 0 2 1 2 2 1
chr1      355021 C      A      2 1 2 2 0 2 1 2 1 1
chr1      355335 A      G      2 1 2 2 0 2 1 2 2 1
chr1      355423 A      G      2 1 2 2 0 2 1 2 2 1
chr1      355460 C      T      1 1 1 1 0 1 0 1 0 1
chr1      355669 G      A      2 1 2 2 0 2 1 2 2 1
chr1      355704 C      G      2 1 2 2 0 2 1 2 2 1
chr1      355769 G      A      2 1 2 2 0 2 1 2 2 1
chr1      355772 T      C      2 1 2 2 0 2 1 2 2 1
chr1      355805 A      G      2 1 2 2 0 2 1 2 2 1
chr1      356107 G      C      2 1 2 2 0 2 1 2 2 1
chr1      356175 G      T      2 1 2 2 0 2 1 2 2 1
chr1      356218 G      A      2 1 2 2 0 2 1 2 2 1
chr1      356537 T      A      2 1 2 2 0 2 1 2 2 1
chr1      356927 C      T      2 1 2 2 0 2 1 2 2 1
chr1      357302 T      C      2 1 2 2 0 2 1 2 2 1
chr1      358919 A      G      2 1 2 2 0 2 1 2 2 1
chr1      359204 C      T      0 0 0 0 0 0 0 1 0 0
chr1      359252 C      T      2 1 2 2 0 2 1 2 2 1
chr1      359813 C      G      2 1 1 1 0 1 1 2 1 1
chr1      360265 C      T      0 0 0 0 0 1 0 0 0 0
chr1      360562 C      A      1 0 0 0 0 0 1 1 1 0
chr1      360776 C      T      0 0 1 1 0 0 0 0 1 0
chr1      361311 C      T      0 0 0 0 0 0 0 0 0 0
chr1      362318 T      C      2 1 2 2 0 2 1 2 2 1
chr1      362525 C      T      2 1 1 1 0 1 1 2 1 1
chr1      363264 A      G      0 1 1 1 1 1 0 0 1 1
chr1      363633 A      T      2 1 1 1 0 1 1 2 1 1
chr1      363970 C      T      0 0 1 1 0 1 0 0 1 0
chr1      364009 A      T      0 1 0 0 1 0 0 0 0 1
chr1      364788 G      C      0 0 1 1 0 0 0 0 1 0
chr1      365197 T      C      2 2 2 2 1 2 1 2 2 2
chr1      365876 T      A      2 1 2 2 0 2 1 2 2 1
chr1      366946 T      A      1 1 1 1 0 2 0 1 0 1
chr1      367120 G      A      0 0 0 0 0 1 0 0 0 0
chr1      368687 T      C      0 0 1 1 0 0 0 0 1 0
chr1      368819 G      A      0 0 1 1 0 0 0 0 1 0
chr1      368910 C      T      2 1 1 1 0 1 1 2 1 1
chr1      369504 A      G      0 0 0 0 0 1 0 0 0 0
chr1      370075 A      G      1 0 1 1 0 0 1 2 2 0
chr1      370740 G      C      1 0 1 1 0 0 1 1 2 0
chr1      370861 C      T      1 0 1 1 0 0 1 1 2 0
chr1      370879 C      T      1 0 1 1 0 0 1 1 2 0
chr1      370896 G      A      1 0 0 0 0 0 1 1 1 0
chr1      371578 G      A      0 1 0 0 1 0 0 0 0 1
chr1      371602 G      A      1 0 1 1 0 0 1 1 2 0
chr1      371781 G      A      1 0 1 1 0 0 1 1 2 0
chr1      372672 A      G      0 0 1 1 0 0 1 1 2 0
chr1      372972 G      A      1 0 1 1 0 0 1 1 2 0
chr1      373164 G      T      1 0 1 1 0 0 1 1 2 0
chr1      373536 G      T      1 2 1 1 1 2 0 1 0 2
chr1      373585 A      G      1 0 1 1 0 0 1 1 2 0
chr1      373920 C      G      1 0 1 1 0 0 1 1 2 0
chr1      374024 C      T      1 0 1 1 0 0 1 1 2 0
chr1      374167 G      A      1 0 1 1 0 0 1 1 2 0
chr1      374601 A      G      1 0 1 1 0 0 1 1 2 0
chr1      374840 G      A      1 0 1 1 0 0 1 1 2 0
chr1      375731 T      C      1 0 1 1 0 0 1 1 2 0
chr1      375910 C      T      1 0 1 1 0 0 1 1 2 0
chr1      376163 G      A      1 0 1 1 0 0 1 1 2 0
chr1      376299 T      A      1 0 1 1 0 0 1 1 2 0
chr1      376500 G      A      2 0 1 1 0 0 1 1 2 0
chr1      376680 C      T      1 0 1 1 0 0 1 1 2 0
chr1      376810 C      G      1 0 1 1 0 0 1 1 2 0
chr1      376876 C      G      1 0 1 1 0 0 1 1 2 0
chr1      376967 T      G      1 0 1 1 0 0 1 1 2 0
chr1      376982 G      A      0 0 0 0 0 1 0 0 0 0
chr1      377273 T      C      1 0 1 1 0 0 1 1 2 0
chr1      377310 G      A      1 0 1 1 0 0 1 1 2 0
chr1      377352 G      A      0 0 0 0 0 0 0 0 0 0
chr1      377769 T      C      1 0 1 1 0 0 1 1 2 0
chr1      377941 A      G      1 0 1 1 0 0 1 1 2 0
chr1      378101 G      A      1 0 1 2 0 0 1 1 2 0
chr1      378168 T      C      1 0 1 1 0 0 1 1 2 0
chr1      378172 C      A      1 0 1 1 0 0 1 1 2 0
chr1      378713 G      A      1 0 1 1 0 0 1 1 2 0
chr1      378721 A      G      1 0 1 1 0 0 1 1 2 0
chr1      378780 A      G      1 0 1 1 0 0 1 0 2 0
chr1      378781 G      T      1 0 1 1 0 0 1 0 2 0
chr1      379141 C      T      1 0 1 1 0 0 1 1 2 0
chr1      379199 G      C      1 0 1 1 0 0 1 1 2 0
chr1      379815 G      A      1 0 1 1 0 0 1 1 2 1
chr1      379960 A      C      1 0 1 1 0 0 1 1 2 0
chr1      379988 C      T      1 0 1 1 0 0 1 1 2 0
chr1      380218 T      C      1 0 1 1 0 0 1 1 2 0
chr1      380271 G      A      1 0 1 1 0 0 1 1 2 0
chr1      380872 G      A      1 0 1 1 0 0 1 1 2 0
chr1      380885 C      T      1 0 1 1 0 0 1 1 2 0
chr1      381875 C      T      0 0 0 0 0 0 0 0 0 0
chr1      382759 A      G      0 0 0 0 0 0 0 0 0 0
chr1      382788 G      C      0 1 0 0 0 0 0 0 0 1
chr1      383244 A      C      1 0 0 0 0 0 1 1 1 0
chr1      383451 T      C      1 0 0 0 0 0 1 1 1 0
chr1      383457 C      T      0 0 0 0 0 1 0 0 0 0
chr1      383633 C      G      1 0 0 0 0 0 1 1 1 0
chr1      383651 C      G      1 0 0 0 0 0 1 1 1 0
chr1      383658 T      C      1 0 0 0 0 0 1 1 1 0
chr1      383757 A      G      1 0 0 0 0 0 1 1 1 0
chr1      383787 A      C      1 0 0 0 0 0 1 1 1 0
chr1      384138 C      A      1 0 0 0 0 0 1 1 1 0
chr1      384176 G      A      1 0 0 0 0 0 1 1 1 0
chr1      384752 A      C      1 0 0 0 0 0 1 1 1 0
chr1      384777 C      A      1 0 0 0 0 0 1 1 2 0
chr1      384779 T      C      1 0 0 0 0 0 1 1 1 0
chr1      385325 C      T      0 1 0 0 1 0 0 0 0 1
chr1      385508 A      T      0 1 0 0 1 0 0 0 0 1
chr1      385683 G      T      0 1 0 0 1 0 0 0 0 1
chr1      386091 C      T      0 0 0 0 0 1 0 0 0 0
chr1      386852 G      T      0 0 0 0 0 0 0 0 0 0
chr1      387349 C      G      2 2 2 2 2 1 2 2 2 2
chr1      387380 T      C      2 2 2 2 2 1 2 2 2 2
chr1      387407 A      G      1 0 0 0 0 0 1 1 1 0
chr1      387477 A      G      2 2 2 2 2 1 2 2 1 2
chr1      388169 G      T      0 1 0 0 1 0 0 0 0 1
chr1      388430 G      A      0 0 0 0 1 0 2 1 1 0
chr1      388491 G      C      1 2 1 1 2 2 1 1 0 2
chr1      389017 T      C      1 1 1 1 0 1 0 1 0 1
chr1      389250 T      C      0 0 1 1 0 0 0 0 1 0
chr1      389323 T      C      0 0 0 0 0 1 0 0 0 0
chr1      389757 C      T      1 2 2 2 2 2 1 1 1 2
chr1      390093 T      C      1 0 0 0 0 0 1 1 1 0
chr1      390108 A      G      1 1 1 1 0 1 0 0 0 1
chr1      390118 A      T      1 1 1 1 0 1 0 0 0 1
chr1      390195 G      A      1 2 2 2 2 2 1 1 1 2
chr1      390292 A      G      1 2 2 2 2 2 1 1 1 2
chr1      390395 C      A      1 2 2 2 2 2 1 1 1 2
chr1      390434 C      T      1 2 2 2 2 2 1 1 1 2
chr1      390641 G      C      1 2 2 2 2 2 1 1 1 2
chr1      390669 A      T      1 2 2 2 2 2 1 1 1 2
chr1      390678 A      G      1 2 2 2 2 2 1 1 1 2
chr1      390709 G      T      1 2 2 2 2 2 1 1 1 2
chr1      390947 G      A      1 2 2 2 2 2 1 1 1 2
chr1      390949 G      A      1 2 2 2 2 2 1 1 1 2
chr1      391072 T      C      1 2 2 2 2 2 1 1 1 2
chr1      391131 C      T      1 2 2 2 2 2 1 1 1 2
chr1      391175 T      C      1 2 2 2 2 2 1 1 1 2
chr1      391234 T      C      1 2 2 2 2 2 1 1 1 2
chr1      391247 T      C      1 2 2 2 2 2 1 1 1 2
chr1      391249 A      G      1 2 2 2 2 2 1 1 1 2
chr1      392110 G      A      1 2 2 2 2 2 1 1 1 2
chr1      392164 C      A      1 2 2 2 2 2 1 1 1 2
chr1      392232 C      T      1 2 2 2 2 2 1 1 1 2
chr1      392346 C      G      1 2 2 2 2 2 1 1 1 2
chr1      392520 T      C      1 0 0 0 0 0 1 1 1 0
chr1      392558 C      T      1 0 0 0 0 0 1 1 1 0
chr1      392570 G      A      1 0 0 0 0 0 1 1 1 0
chr1      392625 A      G      1 0 0 0 0 0 1 1 1 0
chr1      393135 A      G      1 0 0 0 0 0 1 1 1 0
chr1      393218 G      A      1 0 0 0 0 0 1 1 1 0
chr1      393248 C      A      1 0 0 0 0 0 1 1 1 0
chr1      393309 T      G      1 0 0 0 0 0 1 1 1 0
chr1      393830 C      T      0 1 0 0 1 0 0 0 0 1
chr1      394144 A      C      1 2 2 2 2 2 1 1 1 2
chr1      394529 G      A      1 2 2 2 2 2 1 1 1 2
chr1      394756 C      T      2 2 2 2 2 2 2 2 2 2
chr1      395375 G      T      1 0 0 0 0 0 1 1 1 0
chr1      395471 T      C      1 0 0 0 0 0 1 1 1 0
chr1      395503 T      C      1 0 0 0 0 0 1 1 1 0
chr1      395527 G      A      1 0 0 0 0 0 1 1 1 0
chr1      395678 G      A      1 0 0 0 0 0 1 1 1 0
chr1      395691 T      C      1 0 0 0 0 0 1 1 1 0
chr1      395814 T      C      1 1 1 1 0 1 0 0 0 1
chr1      395815 G      A      1 0 0 0 0 0 1 1 1 0
chr1      395826 G      A      1 0 0 0 0 0 1 1 1 0
chr1      395847 G      A      0 1 0 0 1 0 0 0 0 1
chr1      396093 T      C      1 0 0 0 0 0 1 1 1 0
chr1      396157 G      A      1 0 0 0 0 0 1 1 1 0
chr1      396191 T      C      1 0 0 0 0 0 1 1 1 0
chr1      396684 T      C      1 0 0 0 0 0 1 1 1 0
chr1      396712 C      A      1 0 0 0 0 0 1 1 1 0
chr1      396789 G      A      1 0 0 0 0 0 1 1 1 0
chr1      396896 G      A      1 0 0 0 0 0 1 1 0 0
chr1      396956 C      T      1 0 0 0 0 0 1 1 1 0
chr1      397006 A      G      0 0 0 0 0 0 1 1 1 0
chr1      397068 G      C      1 2 2 2 2 2 1 1 1 2
chr1      397124 C      G      1 0 0 0 0 0 1 1 0 0
chr1      398103 A      G      1 0 0 0 0 0 1 1 1 0
chr1      398127 G      A      1 0 0 0 0 0 1 1 1 0
chr1      398209 T      G      1 0 0 0 0 0 1 1 1 0
chr1      398284 C      T      0 1 0 0 1 0 0 0 0 1
chr1      398285 G      A      1 0 0 0 0 0 1 1 1 0
chr1      398308 C      G      1 0 0 0 0 0 1 1 1 0
chr1      398379 A      G      1 0 0 0 0 0 1 0 1 0
chr1      398550 C      T      1 0 0 0 0 0 1 1 1 0
chr1      398601 A      G      1 0 0 0 0 0 1 1 1 0
chr1      398674 A      C      1 0 0 0 0 0 1 1 1 0
chr1      398932 G      A      1 0 0 0 0 0 1 1 1 0
chr1      399011 T      G      1 0 0 0 0 0 1 1 1 0
chr1      399105 A      T      1 0 0 0 0 0 1 1 1 0
chr1      399135 G      A      1 0 0 0 0 0 1 1 1 0
chr1      399255 C      T      0 1 0 0 1 0 0 0 0 1
chr1      399756 G      A      1 0 0 0 0 0 1 1 1 0
chr1      399850 C      T      1 0 0 0 0 0 1 1 1 0
chr1      399953 G      A      1 0 0 0 0 0 1 1 1 0
chr1      399965 G      A      1 0 0 0 0 0 1 1 1 0
chr1      400013 G      A      1 0 0 0 0 0 1 1 1 0
chr1      400112 G      A      1 0 0 0 0 0 1 1 1 0
chr1      400388 T      G      1 1 2 2 0 2 0 1 1 1
chr1      400945 C      A      1 0 0 0 0 0 1 1 1 0
chr1      401037 C      T      1 0 0 0 0 0 1 1 1 0
chr1      401043 G      T      1 0 0 0 0 0 1 1 1 0
chr1      401275 C      G      0 0 0 0 0 0 1 0 1 0
chr1      401332 A      G      0 0 0 0 0 0 1 0 1 0
chr1      401458 C      G      0 0 0 0 0 0 1 0 1 0
chr1      401540 G      A      0 0 0 0 0 0 1 0 1 0
chr1      401610 T      C      0 0 0 0 0 0 1 0 1 0
chr1      401617 G      C      0 0 0 0 0 0 1 0 1 0
chr1      401636 G      A      0 0 0 0 0 0 1 0 1 0
chr1      402410 G      A      2 2 2 2 1 2 0 2 1 2
chr1      402807 A      C      2 2 2 2 1 2 0 2 1 2
chr1      402808 A      C      2 2 2 2 1 2 0 2 1 2
chr1      402877 G      A      2 2 2 2 1 2 0 2 1 2
chr1      402904 A      C      2 2 2 2 1 2 0 2 1 2
chr1      402968 G      T      2 2 2 2 1 2 0 2 1 2
chr1      402997 C      T      2 2 2 2 1 2 0 2 1 1
chr1      403134 T      C      2 2 2 2 1 2 0 2 1 2
chr1      403170 C      T      2 2 2 2 1 2 0 2 1 2
chr1      403216 C      T      2 2 2 2 1 2 0 2 1 2
chr1      403288 C      T      1 1 0 0 1 0 0 1 0 1
chr1      403393 T      C      2 2 2 2 1 2 0 2 1 2
chr1      403697 C      T      2 2 2 2 1 2 0 2 1 2
chr1      403875 C      A      2 2 2 2 1 2 0 2 1 2
chr1      404104 C      T      2 2 2 2 1 2 0 2 1 2
chr1      404990 C      A      2 2 2 2 1 2 0 2 1 2
chr1      405052 G      A      1 1 0 0 1 0 0 1 0 1
chr1      405390 G      C      2 2 1 1 1 2 0 2 0 2
chr1      405825 T      C      2 2 1 1 1 2 0 2 0 2
chr1      405826 G      T      2 2 1 1 1 2 0 2 0 2
chr1      406356 G      A      2 2 2 2 1 2 0 2 1 2
chr1      406636 G      A      2 2 2 2 1 2 0 2 1 2
chr1      406731 G      A      2 2 2 2 1 2 0 2 1 2
chr1      406866 T      C      1 1 1 1 1 1 0 2 1 1
chr1      406882 G      A      1 1 1 1 1 1 0 2 1 1
chr1      406942 C      A      1 1 1 1 1 1 0 2 1 1
chr1      407202 T      C      2 2 2 2 0 2 0 2 1 2
chr1      407227 G      A      2 2 2 2 1 2 0 2 1 2
chr1      407571 A      T      0 0 1 1 0 0 0 1 1 0
chr1      407624 G      A      2 2 2 2 1 2 0 2 1 2
chr1      407708 G      A      2 2 2 2 1 2 0 2 1 2
chr1      407990 G      A      1 2 1 1 1 1 2 2 1 2
chr1      408213 G      A      0 0 0 0 0 0 1 0 0 0
chr1      408644 T      C      0 0 0 0 0 1 1 0 1 0
chr1      409030 T      C      1 1 1 2 0 2 1 0 1 1
chr1      409252 G      C      0 0 0 0 0 1 1 0 1 0
chr1      409254 T      C      0 0 0 0 0 1 1 0 1 0
chr1      409316 G      A      0 0 0 0 0 1 1 0 1 0
chr1      409647 C      A      0 0 0 0 0 1 1 0 1 0
chr1      409950 T      A      0 0 0 0 0 1 2 0 1 0
chr1      410193 G      A      0 1 0 0 1 0 0 0 0 1
chr1      410243 G      A      0 0 0 0 0 1 1 0 1 0
chr1      410768 C      A      0 0 0 0 0 1 1 0 1 0
chr1      410797 C      T      0 0 0 0 0 1 1 0 1 0
chr1      410833 T      C      0 1 0 0 1 1 1 0 1 1
chr1      411328 A      G      0 1 0 0 1 0 0 0 0 1
chr1      411647 A      G      0 1 0 0 1 1 1 0 1 1
chr1      411677 C      T      0 1 0 0 1 1 1 0 1 1
chr1      411687 A      G      0 1 0 0 1 1 1 0 1 1
chr1      411694 C      A      0 1 0 0 1 1 1 0 1 1
chr1      411707 T      C      0 1 0 0 1 1 1 0 1 1
chr1      411868 C      G      0 0 0 0 0 1 1 0 1 0
chr1      411959 G      C      0 1 0 0 1 0 0 0 0 1
chr1      413044 T      C      0 1 0 0 1 1 1 0 1 1
chr1      413101 C      T      0 1 0 0 1 0 0 0 0 1
chr1      413184 C      A      0 1 0 0 1 1 1 0 1 1
chr1      413185 A      G      0 1 0 0 1 1 1 0 1 1
chr1      414203 T      C      0 1 0 0 1 0 0 0 0 1
chr1      414298 G      T      0 0 0 0 0 1 1 0 1 0
chr1      414313 A      G      0 0 0 0 0 1 1 0 1 0
chr1      414422 T      C      0 1 0 0 1 0 0 0 0 1
chr1      414996 T      C      0 1 0 0 1 0 0 0 0 1
chr1      415607 C      T      0 1 0 0 1 0 0 0 0 1
chr1      415956 A      G      0 0 0 0 1 0 1 0 0 0
chr1      416643 G      C      0 0 0 0 1 0 1 0 0 0
chr1      417169 T      C      1 2 1 1 2 2 2 0 1 2
chr1      420004 C      G      0 1 0 0 2 1 2 0 1 1
chr1      420889 T      A      0 0 0 0 0 1 1 0 1 0
chr1      421585 G      A      0 0 0 0 0 1 1 0 1 0
chr1      422257 G      C      0 0 0 0 1 0 1 0 0 0
chr1      423761 A      G      0 0 0 0 0 1 1 0 1 0
chr1      424439 A      G      0 0 0 0 0 1 1 0 1 0
chr1      424580 G      A      1 1 1 1 0 1 0 0 0 1
chr1      424595 G      A      0 1 0 0 2 0 0 0 0 1
chr1      424636 C      T      1 2 1 1 2 2 2 0 1 2
chr1      424654 C      G      1 1 1 1 1 2 1 0 1 1
chr1      424662 C      A      0 0 0 0 0 0 0 0 0 0
chr1      424669 A      G      0 0 0 0 1 1 1 0 1 0
chr1      424760 A      G      0 1 0 0 1 0 0 0 0 1
chr1      424870 G      T      0 0 0 0 0 0 0 0 0 0
chr1      424876 A      C      0 1 0 0 1 0 0 0 0 1
chr1      426451 C      T      0 0 0 0 0 0 0 0 0 0
chr1      427654 G      A      0 0 0 0 0 1 1 0 1 0
chr1      428298 C      T      0 0 0 0 0 0 0 0 0 0
chr1      428469 C      T      1 2 1 1 1 1 0 0 0 2
chr1      428671 A      G      0 0 0 0 1 0 1 0 0 0
chr1      430108 G      A      0 0 0 0 1 0 1 0 0 0
chr1      431030 C      T      0 0 0 0 0 0 0 0 0 0
chr1      431911 T      G      0 0 0 0 0 0 0 0 0 0
chr1      432385 C      T      2 2 2 2 2 2 2 2 2 2
chr1      432441 C      T      1 1 1 1 1 2 2 0 1 1
chr1      432495 A      G      1 1 1 1 1 2 2 0 1 1
chr1      432616 A      C      0 1 0 0 1 0 0 0 0 1
chr1      432814 T      C      0 0 0 0 1 1 2 0 1 0
chr1      432882 A      C      1 0 1 1 0 0 0 2 1 0
chr1      433468 G      T      0 1 0 0 1 0 0 0 0 1
chr1      433574 C      A      0 0 0 0 1 1 2 0 1 0
chr1      433685 C      T      0 0 0 0 1 1 2 0 1 0
chr1      433829 C      G      0 0 0 0 1 1 2 0 1 0
chr1      434117 T      C      0 0 0 0 1 1 2 0 1 0
chr1      434621 A      C      0 1 1 0 1 0 0 0 0 1
chr1      434996 C      T      1 0 1 1 0 0 0 2 1 0
chr1      435532 C      G      0 0 0 0 1 1 2 0 1 0
chr1      436129 G      A      0 0 0 0 1 1 2 0 1 0
chr1      436161 C      T      0 1 0 0 1 0 0 0 0 1
chr1      436576 A      T      0 0 0 0 1 1 2 0 1 0
chr1      436709 C      T      0 1 0 0 1 0 0 0 0 1
chr1      437209 C      G      0 1 0 0 1 0 0 0 0 1
chr1      437694 A      T      0 0 0 0 0 0 0 0 0 0
chr1      438106 C      T      1 0 1 1 0 0 0 2 1 0
chr1      438187 T      C      0 0 0 0 1 1 2 0 1 0
chr1      438218 T      G      1 1 1 1 2 1 2 2 2 1
chr1      438513 T      C      1 0 1 1 0 0 0 2 1 0
chr1      438678 G      A      0 0 0 0 1 1 2 0 1 0
chr1      438737 T      G      1 0 1 1 1 1 2 2 2 0
chr1      438742 C      T      1 0 1 1 0 0 0 2 1 0
chr1      438797 T      C      1 0 1 1 1 1 2 2 2 0
chr1      438992 A      G      0 0 0 0 1 1 2 0 1 0
chr1      439091 A      G      0 0 0 0 1 1 2 0 1 0
chr1      439322 A      T      0 0 0 0 1 1 2 0 1 0
chr1      440281 C      T      0 0 0 0 1 1 2 0 1 0
chr1      440721 G      T      0 0 0 0 1 1 2 0 1 0
chr1      440805 T      C      0 0 0 0 1 1 2 0 1 0
chr1      441029 A      G      0 0 0 0 1 1 2 0 1 0
chr1      441056 G      A      0 0 0 0 1 1 2 0 1 0
chr1      441327 T      C      0 0 0 0 1 1 2 0 1 0
chr1      441479 G      A      1 0 1 1 0 0 0 2 1 0
chr1      441499 T      C      0 0 0 0 1 1 2 0 1 0
chr1      441609 C      T      1 0 1 1 1 1 2 2 2 0
chr1      441709 T      C      1 1 1 1 2 1 2 2 2 1
chr1      441722 C      T      0 0 0 0 1 1 2 0 1 0
chr1      441850 T      G      0 0 0 0 1 1 2 0 1 0
chr1      441855 C      T      0 0 0 0 1 1 2 0 1 0
chr1      441954 C      T      0 0 0 0 1 1 2 0 1 0
chr1      441987 A      G      0 0 0 0 1 1 2 0 1 0
chr1      442211 C      T      0 0 0 0 1 1 2 0 1 0
chr1      442371 T      C      0 0 0 0 1 1 2 0 1 0
chr1      442521 T      C      0 0 0 0 1 1 2 0 1 0
chr1      442578 G      A      0 1 0 0 1 0 0 0 0 1
chr1      442751 G      T      0 1 0 0 1 0 0 0 0 1
chr1      442757 A      G      1 0 1 1 1 1 2 2 2 0
chr1      442798 A      G      0 0 0 0 1 1 2 0 1 0
chr1      442821 A      G      0 0 0 0 1 1 2 0 1 0
chr1      442873 G      A      0 1 0 0 1 0 0 0 0 1
chr1      442897 G      A      0 1 0 0 1 0 0 0 0 1
chr1      442933 C      T      0 0 0 0 1 1 2 0 1 0
chr1      442939 A      C      1 0 1 1 0 0 0 2 1 0
chr1      443005 A      G      0 0 0 0 1 1 2 0 1 0
chr1      443022 C      A      1 0 1 1 0 0 0 2 1 0
chr1      443029 G      A      1 0 1 1 1 1 2 2 2 0
chr1      443059 G      A      1 0 1 1 0 0 0 2 1 0
chr1      443063 A      C      0 0 0 0 1 1 2 0 1 0
chr1      443229 T      C      0 0 0 0 1 1 2 0 1 0
chr1      443278 G      C      0 0 0 0 0 0 0 0 0 0
chr1      443285 G      A      0 0 0 0 0 0 0 0 0 0
chr1      443313 G      A      1 0 1 1 0 0 0 2 1 0
chr1      443364 C      G      1 0 1 0 0 0 0 2 1 0
chr1      443409 G      A      0 0 0 0 0 1 1 0 1 0
chr1      443710 G      A      0 0 0 0 1 1 2 0 1 0
chr1      443917 A      C      1 0 1 1 1 1 2 2 2 0
chr1      444021 C      T      1 0 1 1 1 1 2 2 2 0
chr1      444081 C      G      1 1 1 1 2 1 2 2 2 1
chr1      444151 C      A      1 0 1 0 1 1 2 2 2 0
chr1      444335 G      A      1 0 1 1 1 1 2 2 2 0
chr1      444346 T      C      1 1 1 1 2 1 2 2 2 1
chr1      444443 G      A      0 0 0 0 0 0 0 0 0 0
chr1      444910 G      C      0 0 0 0 0 0 0 0 0 0
chr1      445070 C      G      1 0 1 1 0 0 0 2 1 0
chr1      445101 G      C      0 0 0 0 0 0 0 0 0 0
chr1      445140 T      C      1 1 1 1 2 1 2 2 2 1
chr1      445372 G      A      0 0 0 0 1 1 2 0 1 0
chr1      445446 C      G      0 0 0 0 0 0 0 0 0 0
chr1      445456 G      T      0 0 0 0 1 1 2 0 1 0
chr1      445613 C      T      0 0 0 0 1 1 2 0 1 0
chr1      445667 A      G      1 0 1 1 1 1 2 2 2 0
chr1      445736 G      A      0 0 0 0 2 1 2 0 1 0
chr1      445932 G      C      0 0 0 0 1 1 2 0 1 0
chr1      445991 A      G      1 0 1 1 1 1 2 2 2 0
chr1      446299 A      G      1 1 1 1 2 1 2 2 2 1
chr1      446358 A      G      0 0 0 0 1 1 2 0 1 0
chr1      446460 G      T      1 0 1 1 0 0 0 2 1 0
chr1      446495 C      T      1 0 1 1 0 0 0 2 1 0
chr1      446565 A      G      1 1 1 1 2 1 2 2 2 1
chr1      446746 G      A      0 1 0 0 1 0 0 0 0 1
chr1      446764 C      T      0 1 0 0 1 0 0 0 0 1
chr1      446845 G      A      0 0 0 0 0 0 0 0 0 0
chr1      446849 C      T      0 0 0 0 0 0 0 0 0 0
chr1      446918 G      C      0 0 0 0 1 1 2 0 1 0
chr1      447084 G      T      1 0 1 2 0 0 0 2 1 0
chr1      447202 C      T      0 0 0 0 1 1 2 0 1 0
chr1      447265 G      A      0 0 0 0 0 0 0 0 0 0
chr1      447309 C      A      0 0 0 0 0 0 0 0 0 0
chr1      447517 C      G      0 1 0 0 1 0 0 0 0 1
chr1      447533 C      T      0 1 0 0 1 0 0 0 0 1
chr1      447648 A      C      1 0 1 1 1 1 2 2 2 0
chr1      447688 G      T      0 0 1 0 1 1 2 0 1 0
chr1      447851 G      C      0 1 0 0 1 0 0 0 0 1
chr1      447997 G      A      0 0 0 0 1 1 2 0 1 0
chr1      448023 T      C      1 0 1 1 1 1 2 2 2 0
chr1      448168 T      G      0 0 0 0 1 1 2 0 1 0
chr1      448357 G      A      1 1 1 1 1 0 0 2 1 1
chr1      448436 G      A      1 0 1 1 0 0 0 2 1 0
chr1      448497 G      A      1 0 1 1 1 1 2 2 2 0
chr1      448530 G      C      1 0 1 1 0 0 0 2 1 0
chr1      448641 T      C      1 0 1 1 1 1 2 2 2 0
chr1      448686 G      A      1 0 1 1 0 0 0 2 1 0
chr1      449232 G      A      0 1 0 0 1 0 0 0 0 1
chr1      449341 G      A      1 1 1 1 0 0 0 2 1 0
chr1      449488 T      C      0 0 0 0 1 1 2 0 1 0
chr1      449582 T      C      1 0 1 1 0 0 0 2 1 0
chr1      450052 G      A      1 0 1 1 1 1 2 2 2 0
chr1      450391 G      A      1 0 1 1 0 0 0 2 1 0
chr1      450456 A      T      0 0 0 0 1 1 2 0 1 0
chr1      450556 C      A      0 0 0 0 1 1 2 0 1 0
chr1      450614 A      G      0 0 0 0 1 1 2 0 1 0
chr1      450713 G      A      0 0 0 0 1 1 2 0 1 0
chr1      451006 G      A      1 0 1 1 1 1 2 2 2 0
chr1      451029 C      T      1 0 1 1 0 0 0 2 1 0
chr1      451139 T      G      1 0 1 1 0 0 0 2 1 0
chr1      451185 T      C      0 0 0 0 1 1 2 0 1 0
chr1      451199 A      G      0 0 0 0 1 1 2 0 1 0
chr1      451255 T      C      1 0 1 1 1 1 2 2 2 0
chr1      451353 C      T      1 0 1 1 1 1 2 2 2 0
chr1      451431 G      C      1 0 1 1 0 0 0 2 1 0
chr1      451730 A      G      0 0 0 0 1 1 2 0 1 0
chr1      451801 T      C      0 0 0 0 1 1 2 0 1 0
chr1      451896 C      A      0 0 0 0 1 1 2 0 1 0
chr1      452264 G      C      0 1 0 0 1 0 0 0 0 1
chr1      452345 G      A      1 0 1 1 1 1 2 2 2 0
chr1      452401 G      A      0 0 0 0 1 1 2 0 1 0
chr1      452579 C      T      1 0 1 1 0 0 0 2 1 0
chr1      452580 A      G      1 0 1 1 1 1 2 2 2 0
chr1      452794 A      G      1 0 1 1 1 1 2 2 2 0
chr1      452822 C      T      1 0 1 1 1 1 2 2 2 0
chr1      452844 C      A      1 0 1 1 0 0 0 2 1 0
chr1      452848 T      C      1 0 1 1 1 1 2 2 2 0
chr1      452862 G      A      1 0 1 1 1 1 2 2 2 0
chr1      453154 C      T      1 0 1 1 0 0 0 2 1 0
chr1      453998 C      T      1 0 1 1 1 1 2 2 2 0
chr1      454258 G      A      0 0 0 0 1 1 2 0 1 0
chr1      454816 C      T      0 0 0 0 1 1 2 0 1 0
chr1      454868 C      T      1 0 1 1 1 1 2 2 2 0
chr1      455395 T      C      1 0 1 1 1 1 2 2 2 0
chr1      455429 A      G      1 0 1 1 1 1 2 2 2 0
chr1      455664 G      A      1 0 1 1 0 0 0 2 1 0
chr1      456163 G      A      0 0 0 0 1 1 2 0 1 0
chr1      456344 G      C      0 0 0 0 0 0 0 0 0 0
chr1      456361 A      G      1 0 1 1 1 1 2 2 2 0
chr1      456451 C      T      1 0 1 1 0 0 0 2 1 0
chr1      456504 G      C      0 0 0 0 1 1 2 0 1 0
chr1      456582 T      C      0 0 0 0 1 1 2 0 1 0
chr1      456611 C      T      0 0 0 0 1 1 2 0 1 0
chr1      456644 A      G      0 0 0 0 1 1 2 0 1 0
chr1      456736 C      T      0 0 0 0 1 1 2 0 1 0
chr1      456752 A      T      0 0 0 0 1 1 2 0 1 0
chr1      456990 T      C      0 0 0 0 1 1 2 0 1 0
chr1      457073 T      C      0 0 0 0 1 1 2 0 1 0
chr1      457148 C      T      0 0 0 0 1 1 2 0 1 0
chr1      457155 C      T      0 0 0 0 1 1 2 0 1 0
chr1      457445 C      T      1 0 1 1 0 0 0 2 1 0
chr1      457451 A      C      1 0 1 1 0 0 0 2 1 0
chr1      457473 T      C      0 0 0 0 1 1 2 0 1 0
chr1      457517 C      T      1 0 1 1 0 0 0 2 1 0
chr1      457567 A      G      0 0 0 0 1 1 2 0 1 0
chr1      457581 G      A      1 0 1 1 0 0 0 2 2 0
chr1      458050 C      T      0 0 0 0 0 1 2 0 1 0
chr1      458130 G      T      1 0 1 1 0 0 0 2 1 0
chr1      458358 A      G      0 0 0 0 1 1 2 0 1 0
chr1      458507 G      A      1 0 1 1 1 1 2 2 2 0
chr1      458619 C      T      0 0 0 0 1 1 2 0 1 0
chr1      458718 A      G      1 0 1 1 1 1 2 2 2 0
chr1      458963 C      G      0 0 0 0 1 1 2 0 1 0
chr1      459330 A      T      0 0 0 0 1 1 2 0 1 0
chr1      459612 A      G      1 0 1 1 0 0 0 2 1 0
chr1      459885 A      C      1 0 1 1 1 1 2 2 2 0
chr1      459907 C      A      0 0 0 0 1 1 2 0 1 0
chr1      459908 T      C      0 0 0 0 1 1 2 0 1 0
chr1      459972 A      G      1 0 1 1 0 0 0 2 1 0
chr1      460554 T      G      1 0 1 1 1 1 2 2 2 0
chr1      460964 T      C      1 0 1 1 1 1 2 2 2 0
chr1      461294 A      G      1 0 1 1 1 1 2 2 2 0
chr1      461443 G      A      0 1 0 0 1 0 0 0 0 1
chr1      461558 T      C      1 0 1 1 0 0 0 2 1 0
chr1      461629 C      T      0 0 0 0 1 1 2 0 1 0
chr1      461711 A      C      1 0 1 1 0 0 0 2 1 0
chr1      461749 C      G      1 0 1 1 1 1 2 2 2 0
chr1      461976 T      G      1 0 1 1 0 0 0 2 1 0
chr1      461988 T      C      0 0 0 0 1 1 2 0 1 0
chr1      462108 A      G      1 0 1 0 0 0 0 2 1 0
chr1      462125 A      G      0 0 0 0 1 1 2 0 1 0
chr1      462139 A      G      0 0 0 0 1 1 2 0 1 0
chr1      462230 C      A      1 0 1 1 1 1 2 2 2 0
